ASN00066062,18650101,TMAX,247,,,a,
ASN00086071,18650101,TMAX,239,,,a,
ASN00090015,18650101,TMAX,222,,,a,
AU000005901,18650101,TMAX,-28,,,E,
BE000006447,18650101,TMAX,-15,,,I,
CA006158350,18650101,TMAX,-50,,,C,
EIE00101859,18650101,TMAX,22,,I,E,
EZE00100082,18650101,TMAX,-49,,,E,
GM000004204,18650101,TMAX,-36,,,E,
GME00125218,18650101,TMAX,-30,,,E,
GME00127462,18650101,TMAX,-15,,,E,
ITE00100550,18650101,TMAX,20,,,E,
ITE00100554,18650101,TMAX,12,,,E,
SWE00139148,18650101,TMAX,-33,,,E,
SZ000006717,18650101,TMAX,-83,,,G,
UK000047811,18650101,TMAX,30,,,E,
UK000056225,18650101,TMAX,9,,,E,
ASN00066062,18650102,TMAX,272,,,a,
ASN00086071,18650102,TMAX,192,,,a,
ASN00090015,18650102,TMAX,211,,,a,
AU000005901,18650102,TMAX,-20,,,E,
BE000006447,18650102,TMAX,-2,,,I,
CA006148100,18650102,TMAX,-39,,,C,
CA006158350,18650102,TMAX,-17,,,C,
EIE00101859,18650102,TMAX,72,,,E,
EZE00100082,18650102,TMAX,-48,,,E,
GM000004204,18650102,TMAX,-63,,,E,
GME00125218,18650102,TMAX,-64,,,E,
GME00127462,18650102,TMAX,-26,,,E,
ITE00100550,18650102,TMAX,29,,,E,
ITE00100554,18650102,TMAX,32,,,E,
SWE00139148,18650102,TMAX,-65,,,E,
SZ000006717,18650102,TMAX,-80,,,G,
UK000047811,18650102,TMAX,36,,,E,
UK000056225,18650102,TMAX,76,,,E,
AGE00135039,18650103,TMAX,130,,,E,
ASN00066062,18650103,TMAX,232,,,a,
ASN00086071,18650103,TMAX,205,,,a,
ASN00090015,18650103,TMAX,256,,,a,
AU000005901,18650103,TMAX,-33,,,E,
BE000006447,18650103,TMAX,8,,,I,
CA006148100,18650103,TMAX,-50,,,C,
CA006158350,18650103,TMAX,-28,,,C,
EIE00101859,18650103,TMAX,67,,,E,
EZE00100082,18650103,TMAX,-68,,,E,
GM000004204,18650103,TMAX,-19,,,E,
GME00125218,18650103,TMAX,-44,,,E,
GME00127462,18650103,TMAX,-60,,,E,
ITE00100550,18650103,TMAX,29,,,E,
ITE00100554,18650103,TMAX,8,,,E,
SWE00139148,18650103,TMAX,-17,,,E,
SZ000006717,18650103,TMAX,-107,,,G,
UK000047811,18650103,TMAX,74,,,E,
UK000056225,18650103,TMAX,92,,,E,
AGE00135039,18650104,TMAX,140,,,E,
ASN00066062,18650104,TMAX,242,,,a,
ASN00086071,18650104,TMAX,348,,,a,
ASN00090015,18650104,TMAX,267,,,a,
AU000005901,18650104,TMAX,28,,,E,
BE000006447,18650104,TMAX,39,,,I,
CA006148100,18650104,TMAX,-50,,,C,
CA006158350,18650104,TMAX,-33,,,C,
EIE00101859,18650104,TMAX,78,,,E,
EZE00100082,18650104,TMAX,3,,,E,
GM000004204,18650104,TMAX,8,,,E,
GME00125218,18650104,TMAX,0,,,E,
GME00127462,18650104,TMAX,21,,,E,
ITE00100550,18650104,TMAX,50,,,E,
ITE00100554,18650104,TMAX,36,,,E,
SWE00139148,18650104,TMAX,0,,,E,
SZ000006717,18650104,TMAX,-78,,I,G,
UK000047811,18650104,TMAX,91,,,E,
UK000056225,18650104,TMAX,95,,,E,
AGE00135039,18650105,TMAX,120,,,E,
ASN00066062,18650105,TMAX,339,,,a,
ASN00086071,18650105,TMAX,213,,,a,
ASN00090015,18650105,TMAX,211,,,a,
AU000005901,18650105,TMAX,59,,,E,
BE000006447,18650105,TMAX,68,,,I,
CA006148100,18650105,TMAX,6,,,C,
CA006158350,18650105,TMAX,28,,,C,
EIE00101859,18650105,TMAX,83,,,E,
EZE00100082,18650105,TMAX,41,,,E,
GM000004204,18650105,TMAX,51,,,E,
GME00125218,18650105,TMAX,35,,,E,
GME00127462,18650105,TMAX,29,,,E,
ITE00100550,18650105,TMAX,60,,,E,
ITE00100554,18650105,TMAX,30,,,E,
SWE00139148,18650105,TMAX,20,,,E,
SZ000006717,18650105,TMAX,-21,,,G,
UK000047811,18650105,TMAX,88,,,E,
UK000056225,18650105,TMAX,58,,,E,
AGE00135039,18650106,TMAX,115,,,E,
ASN00066062,18650106,TMAX,241,,,a,
ASN00086071,18650106,TMAX,205,,,a,
ASN00090015,18650106,TMAX,211,,,a,
AU000005901,18650106,TMAX,104,,,E,
BE000006447,18650106,TMAX,40,,,I,
CA006148100,18650106,TMAX,6,,,C,
CA006158350,18650106,TMAX,22,,,C,
EIE00101859,18650106,TMAX,78,,,E,
EZE00100082,18650106,TMAX,62,,,E,
GM000004204,18650106,TMAX,58,,,E,
GME00125218,18650106,TMAX,29,,,E,
GME00127462,18650106,TMAX,9,,,E,
ITE00100550,18650106,TMAX,59,,,E,
ITE00100554,18650106,TMAX,33,,,E,
SWE00139148,18650106,TMAX,-23,,,E,
SZ000006717,18650106,TMAX,-27,,,G,
UK000047811,18650106,TMAX,66,,,E,
UK000056225,18650106,TMAX,61,,,E,
AGE00135039,18650107,TMAX,130,,,E,
ASN00066062,18650107,TMAX,259,,,a,
ASN00086071,18650107,TMAX,213,,,a,
ASN00090015,18650107,TMAX,211,,,a,
AU000005901,18650107,TMAX,65,,,E,
BE000006447,18650107,TMAX,35,,,I,
CA006148100,18650107,TMAX,-67,,,C,
CA006158350,18650107,TMAX,-122,,,C,
EIE00101859,18650107,TMAX,100,,,E,
EZE00100082,18650107,TMAX,22,,,E,
GM000004204,18650107,TMAX,38,,,E,
GME00125218,18650107,TMAX,23,,,E,
GME00127462,18650107,TMAX,31,,,E,
ITE00100550,18650107,TMAX,71,,,E,
ITE00100554,18650107,TMAX,88,,,E,
SWE00139148,18650107,TMAX,-56,,,E,
SZ000006717,18650107,TMAX,-87,,I,G,
UK000047811,18650107,TMAX,69,,,E,
UK000056225,18650107,TMAX,88,,,E,
ASN00066062,18650108,TMAX,268,,,a,
ASN00086071,18650108,TMAX,281,,,a,
ASN00090015,18650108,TMAX,183,,,a,
AU000005901,18650108,TMAX,65,,,E,
BE000006447,18650108,TMAX,50,,,I,
CA006158350,18650108,TMAX,-22,,,C,
EIE00101859,18650108,TMAX,89,,,E,
EZE00100082,18650108,TMAX,35,,,E,
GM000004204,18650108,TMAX,36,,,E,
GME00125218,18650108,TMAX,34,,,E,
GME00127462,18650108,TMAX,29,,,E,
ITE00100550,18650108,TMAX,79,,,E,
ITE00100554,18650108,TMAX,67,,,E,
SWE00139148,18650108,TMAX,-23,,,E,
SZ000006717,18650108,TMAX,13,,,G,
UK000047811,18650108,TMAX,91,,,E,
UK000056225,18650108,TMAX,98,,,E,
AGE00135039,18650109,TMAX,120,,,E,
ASN00066062,18650109,TMAX,264,,,a,
ASN00086071,18650109,TMAX,183,,,a,
ASN00090015,18650109,TMAX,156,,,a,
AU000005901,18650109,TMAX,63,,,E,
BE000006447,18650109,TMAX,63,,,I,
CA006148100,18650109,TMAX,-17,,,C,
CA006158350,18650109,TMAX,11,,,C,
EIE00101859,18650109,TMAX,83,,,E,
EZE00100082,18650109,TMAX,50,,,E,
GM000004204,18650109,TMAX,53,,,E,
GME00125218,18650109,TMAX,43,,,E,
GME00127462,18650109,TMAX,29,,,E,
ITE00100550,18650109,TMAX,79,,,E,
ITE00100554,18650109,TMAX,46,,,E,
SWE00139148,18650109,TMAX,29,,,E,
SZ000006717,18650109,TMAX,-9,,,G,
UK000047811,18650109,TMAX,103,,,E,
UK000056225,18650109,TMAX,105,,,E,
AGE00135039,18650110,TMAX,125,,,E,
ASN00066062,18650110,TMAX,200,,,a,
ASN00086071,18650110,TMAX,243,,,a,
ASN00090015,18650110,TMAX,206,,,a,
AU000005901,18650110,TMAX,84,,,E,
BE000006447,18650110,TMAX,59,,,I,
CA006148100,18650110,TMAX,-28,,,C,
CA006158350,18650110,TMAX,-33,,,C,
EIE00101859,18650110,TMAX,89,,,E,
EZE00100082,18650110,TMAX,53,,,E,
GM000004204,18650110,TMAX,56,,,E,
GME00125218,18650110,TMAX,49,,,E,
GME00127462,18650110,TMAX,59,,,E,
ITE00100550,18650110,TMAX,78,,,E,
ITE00100554,18650110,TMAX,58,,,E,
SWE00139148,18650110,TMAX,30,,,E,
SZ000006717,18650110,TMAX,-41,,,G,
UK000047811,18650110,TMAX,105,,,E,
UK000056225,18650110,TMAX,86,,,E,
AGE00135039,18650111,TMAX,130,,,E,
ASN00066062,18650111,TMAX,219,,,a,
ASN00086071,18650111,TMAX,222,,,a,
ASN00090015,18650111,TMAX,200,,,a,
AU000005901,18650111,TMAX,43,,,E,
BE000006447,18650111,TMAX,73,,,I,
CA006148100,18650111,TMAX,-83,,,C,
CA006158350,18650111,TMAX,-50,,,C,
EIE00101859,18650111,TMAX,78,,,E,
EZE00100082,18650111,TMAX,61,,,E,
GM000004204,18650111,TMAX,60,,,E,
GME00125218,18650111,TMAX,64,,,E,
GME00127462,18650111,TMAX,50,,,E,
ITE00100550,18650111,TMAX,69,,,E,
ITE00100554,18650111,TMAX,48,,,E,
SWE00139148,18650111,TMAX,32,,,E,
SZ000006717,18650111,TMAX,-60,,,G,
UK000047811,18650111,TMAX,74,,,E,
UK000056225,18650111,TMAX,88,,,E,
AGE00135039,18650112,TMAX,135,,,E,
ASN00066062,18650112,TMAX,215,,,a,
ASN00086071,18650112,TMAX,193,,,a,
ASN00090015,18650112,TMAX,194,,,a,
AU000005901,18650112,TMAX,-6,,,E,
BE000006447,18650112,TMAX,77,,,I,
CA006148100,18650112,TMAX,-39,,,C,
CA006158350,18650112,TMAX,-11,,,C,
EIE00101859,18650112,TMAX,83,,,E,
EZE00100082,18650112,TMAX,6,,,E,
GM000004204,18650112,TMAX,50,,,E,
GME00125218,18650112,TMAX,44,,,E,
GME00127462,18650112,TMAX,19,,I,E,
ITE00100550,18650112,TMAX,56,,,E,
ITE00100554,18650112,TMAX,42,,,E,
SWE00139148,18650112,TMAX,18,,,E,
SZ000006717,18650112,TMAX,-70,,,G,
UK000047811,18650112,TMAX,80,,,E,
UK000056225,18650112,TMAX,83,,,E,
AGE00135039,18650113,TMAX,150,,,E,
ASN00066062,18650113,TMAX,215,,,a,
ASN00086071,18650113,TMAX,189,,,a,
ASN00090015,18650113,TMAX,211,,,a,
AU000005901,18650113,TMAX,-3,,,E,
BE000006447,18650113,TMAX,87,,,I,
CA006148100,18650113,TMAX,-6,,,C,
CA006158350,18650113,TMAX,17,,,C,
EIE00101859,18650113,TMAX,72,,,E,
EZE00100082,18650113,TMAX,13,,,E,
GM000004204,18650113,TMAX,79,,,E,
GME00125218,18650113,TMAX,70,,,E,
GME00127462,18650113,TMAX,30,,,E,
ITE00100550,18650113,TMAX,56,,,E,
ITE00100554,18650113,TMAX,38,,,E,
SWE00139148,18650113,TMAX,19,,,E,
SZ000006717,18650113,TMAX,-68,,,G,
UK000047811,18650113,TMAX,41,,,E,
UK000056225,18650113,TMAX,77,,,E,
AGE00135039,18650114,TMAX,165,,,E,
ASN00066062,18650114,TMAX,194,,,a,
ASN00086071,18650114,TMAX,194,,,a,
ASN00090015,18650114,TMAX,183,,,a,
AU000005901,18650114,TMAX,71,,,E,
BE000006447,18650114,TMAX,63,,,I,
CA006148100,18650114,TMAX,-6,,,C,
CA006158350,18650114,TMAX,-17,,,C,
EIE00101859,18650114,TMAX,83,,,E,
EZE00100082,18650114,TMAX,71,,,E,
GM000004204,18650114,TMAX,69,,,E,
GME00125218,18650114,TMAX,76,,,E,
GME00127462,18650114,TMAX,29,,,E,
ITE00100550,18650114,TMAX,56,,,E,
ITE00100554,18650114,TMAX,36,,,E,
SWE00139148,18650114,TMAX,23,,,E,
SZ000006717,18650114,TMAX,-35,,,G,
UK000047811,18650114,TMAX,64,,,E,
UK000056225,18650114,TMAX,55,,,E,
ASN00066062,18650115,TMAX,188,,,a,
ASN00086071,18650115,TMAX,203,,,a,
ASN00090015,18650115,TMAX,211,,,a,
AU000005901,18650115,TMAX,68,,,E,
BE000006447,18650115,TMAX,52,,,I,
CA006158350,18650115,TMAX,-72,,,C,
EIE00101859,18650115,TMAX,78,,,E,
EZE00100082,18650115,TMAX,50,,,E,
GM000004204,18650115,TMAX,49,,,E,
GME00125218,18650115,TMAX,48,,,E,
GME00127462,18650115,TMAX,33,,,E,
ITE00100550,18650115,TMAX,80,,,E,
ITE00100554,18650115,TMAX,84,,,E,
SWE00139148,18650115,TMAX,22,,,E,
SZ000006717,18650115,TMAX,-108,,,G,
UK000047811,18650115,TMAX,63,,,E,
UK000056225,18650115,TMAX,51,,,E,
AGE00135039,18650116,TMAX,160,,,E,
ASN00066062,18650116,TMAX,222,,,a,
ASN00086071,18650116,TMAX,233,,,a,
ASN00090015,18650116,TMAX,206,,,a,
AU000005901,18650116,TMAX,35,,,E,
BE000006447,18650116,TMAX,44,,,I,
CA006148100,18650116,TMAX,-6,,,C,
CA006158350,18650116,TMAX,-89,,,C,
EIE00101859,18650116,TMAX,61,,,E,
EZE00100082,18650116,TMAX,38,,,E,
GM000004204,18650116,TMAX,33,,,E,
GME00125218,18650116,TMAX,38,,,E,
GME00127462,18650116,TMAX,18,,,E,
ITE00100550,18650116,TMAX,53,,,E,
ITE00100554,18650116,TMAX,54,,,E,
SWE00139148,18650116,TMAX,21,,,E,
SZ000006717,18650116,TMAX,-113,,,G,
UK000047811,18650116,TMAX,62,,,E,
UK000056225,18650116,TMAX,24,,,E,
AGE00135039,18650117,TMAX,160,,,E,
ASN00066062,18650117,TMAX,333,,,a,
ASN00086071,18650117,TMAX,223,,,a,
ASN00090015,18650117,TMAX,200,,,a,
AU000005901,18650117,TMAX,19,,,E,
BE000006447,18650117,TMAX,29,,,I,
CA006148100,18650117,TMAX,-106,,,C,
CA006158350,18650117,TMAX,-139,,,C,
EIE00101859,18650117,TMAX,72,,,E,
EZE00100082,18650117,TMAX,12,,,E,
GM000004204,18650117,TMAX,29,,,E,
GME00125218,18650117,TMAX,23,,,E,
GME00127462,18650117,TMAX,4,,,E,
ITE00100550,18650117,TMAX,40,,,E,
ITE00100554,18650117,TMAX,17,,,E,
SWE00139148,18650117,TMAX,15,,,E,
SZ000006717,18650117,TMAX,-122,,,G,
UK000047811,18650117,TMAX,66,,,E,
UK000056225,18650117,TMAX,40,,,E,
AGE00135039,18650118,TMAX,160,,,E,
ASN00066062,18650118,TMAX,242,,,a,
ASN00086071,18650118,TMAX,210,,,a,
AU000005901,18650118,TMAX,21,,,E,
BE000006447,18650118,TMAX,14,,,I,
CA006148100,18650118,TMAX,-133,,,C,
CA006158350,18650118,TMAX,-94,,,C,
EIE00101859,18650118,TMAX,89,,,E,
EZE00100082,18650118,TMAX,11,,,E,
GM000004204,18650118,TMAX,8,,,E,
GME00125218,18650118,TMAX,3,,,E,
GME00127462,18650118,TMAX,8,,,E,
ITE00100550,18650118,TMAX,48,,,E,
ITE00100554,18650118,TMAX,-2,,,E,
SWE00139148,18650118,TMAX,6,,,E,
SZ000006717,18650118,TMAX,-130,,,G,
UK000047811,18650118,TMAX,41,,,E,
UK000056225,18650118,TMAX,27,,,E,
AGE00135039,18650119,TMAX,140,,,E,
ASN00066062,18650119,TMAX,259,,,a,
ASN00086071,18650119,TMAX,213,,,a,
AU000005901,18650119,TMAX,73,,,E,
BE000006447,18650119,TMAX,17,,,I,
CA006148100,18650119,TMAX,-100,,,C,
CA006158350,18650119,TMAX,-89,,,C,
EIE00101859,18650119,TMAX,28,,,E,
EZE00100082,18650119,TMAX,15,,,E,
GM000004204,18650119,TMAX,14,,,E,
GME00125218,18650119,TMAX,8,,,E,
GME00127462,18650119,TMAX,1,,,E,
ITE00100550,18650119,TMAX,10,,,E,
ITE00100554,18650119,TMAX,2,,,E,
SWE00139148,18650119,TMAX,3,,,E,
SZ000006717,18650119,TMAX,-137,,,G,
UK000047811,18650119,TMAX,32,,,E,
UK000056225,18650119,TMAX,24,,,E,
AGE00135039,18650120,TMAX,135,,,E,
ASN00066062,18650120,TMAX,244,,,a,
ASN00086071,18650120,TMAX,263,,,a,
ASN00090015,18650120,TMAX,200,,,a,
AU000005901,18650120,TMAX,-21,,,E,
BE000006447,18650120,TMAX,24,,,I,
CA006148100,18650120,TMAX,-72,,,C,
CA006158350,18650120,TMAX,-33,,,C,
EIE00101859,18650120,TMAX,0,,,E,
EZE00100082,18650120,TMAX,22,,,E,
GM000004204,18650120,TMAX,26,,,E,
GME00125218,18650120,TMAX,23,,,E,
GME00127462,18650120,TMAX,-10,,,E,
ITE00100550,18650120,TMAX,0,,,E,
ITE00100554,18650120,TMAX,-2,,,E,
SWE00139148,18650120,TMAX,15,,,E,
SZ000006717,18650120,TMAX,-95,,I,G,
UK000047811,18650120,TMAX,11,,,E,
UK000056225,18650120,TMAX,16,,,E,
AGE00135039,18650121,TMAX,135,,,E,
ASN00066062,18650121,TMAX,274,,,a,
ASN00086071,18650121,TMAX,317,,,a,
ASN00090015,18650121,TMAX,211,,,a,
AU000005901,18650121,TMAX,-5,,,E,
BE000006447,18650121,TMAX,-1,,,I,
CA006148100,18650121,TMAX,-39,,,C,
CA006158350,18650121,TMAX,-22,,,C,
EIE00101859,18650121,TMAX,0,,,E,
EZE00100082,18650121,TMAX,-3,,,E,
GM000004204,18650121,TMAX,11,,,E,
GME00125218,18650121,TMAX,14,,,E,
GME00127462,18650121,TMAX,-13,,,E,
ITE00100550,18650121,TMAX,11,,,E,
ITE00100554,18650121,TMAX,-5,,,E,
SWE00139148,18650121,TMAX,7,,,E,
SZ000006717,18650121,TMAX,-40,,,G,
UK000047811,18650121,TMAX,2,,,E,
UK000056225,18650121,TMAX,17,,,E,
ASN00066062,18650122,TMAX,297,,,a,
ASN00086071,18650122,TMAX,219,,,a,
ASN00090015,18650122,TMAX,206,,,a,
AU000005901,18650122,TMAX,5,,,E,
BE000006447,18650122,TMAX,-1,,,I,
CA006158350,18650122,TMAX,28,,,C,
EIE00101859,18650122,TMAX,0,,,E,
EZE00100082,18650122,TMAX,-16,,,E,
GM000004204,18650122,TMAX,-9,,,E,
GME00125218,18650122,TMAX,-15,,,E,
GME00127462,18650122,TMAX,-3,,,E,
ITE00100550,18650122,TMAX,21,,,E,
ITE00100554,18650122,TMAX,11,,,E,
SWE00139148,18650122,TMAX,-17,,,E,
SZ000006717,18650122,TMAX,-19,,,G,
UK000047811,18650122,TMAX,8,,,E,
UK000056225,18650122,TMAX,16,,,E,
AGE00135039,18650123,TMAX,145,,,E,
ASN00066062,18650123,TMAX,241,,,a,
ASN00086071,18650123,TMAX,261,,,a,
ASN00090015,18650123,TMAX,200,,,a,
AU000005901,18650123,TMAX,43,,,E,
BE000006447,18650123,TMAX,9,,,I,
CA006148100,18650123,TMAX,6,,,C,
CA006158350,18650123,TMAX,22,,,C,
EIE00101859,18650123,TMAX,0,,,E,
EZE00100082,18650123,TMAX,18,,,E,
GM000004204,18650123,TMAX,23,,,E,
GME00125218,18650123,TMAX,-3,,,E,
GME00127462,18650123,TMAX,-6,,,E,
ITE00100550,18650123,TMAX,78,,,E,
ITE00100554,18650123,TMAX,60,,,E,
SWE00139148,18650123,TMAX,-13,,,E,
SZ000006717,18650123,TMAX,-46,,,G,
UK000047811,18650123,TMAX,9,,,E,
UK000056225,18650123,TMAX,23,,,E,
AGE00135039,18650124,TMAX,130,,,E,
ASN00066062,18650124,TMAX,241,,,a,
ASN00086071,18650124,TMAX,221,,,a,
ASN00090015,18650124,TMAX,206,,,a,
AU000005901,18650124,TMAX,10,,,E,
BE000006447,18650124,TMAX,-4,,,I,
CA006148100,18650124,TMAX,-72,,,C,
CA006158350,18650124,TMAX,-50,,,C,
EIE00101859,18650124,TMAX,0,,,E,
EZE00100082,18650124,TMAX,-2,,,E,
GM000004204,18650124,TMAX,-5,,,E,
GME00125218,18650124,TMAX,-13,,,E,
GME00127462,18650124,TMAX,-4,,,E,
ITE00100550,18650124,TMAX,29,,,E,
ITE00100554,18650124,TMAX,3,,,E,
SWE00139148,18650124,TMAX,-23,,,E,
SZ000006717,18650124,TMAX,-3,,,G,
UK000047811,18650124,TMAX,36,,,E,
UK000056225,18650124,TMAX,13,,,E,
AGE00135039,18650125,TMAX,130,,,E,
ASN00066062,18650125,TMAX,239,,,a,
ASN00086071,18650125,TMAX,235,,,a,
ASN00090015,18650125,TMAX,211,,,a,
AU000005901,18650125,TMAX,4,,,E,
BE000006447,18650125,TMAX,42,,,I,
CA006148100,18650125,TMAX,-94,,,C,
CA006158350,18650125,TMAX,-94,,,C,
EIE00101859,18650125,TMAX,0,,,E,
EZE00100082,18650125,TMAX,-28,,,E,
GM000004204,18650125,TMAX,-18,,,E,
GME00125218,18650125,TMAX,-25,,,E,
GME00127462,18650125,TMAX,-18,,,E,
ITE00100550,18650125,TMAX,60,,,E,
ITE00100554,18650125,TMAX,46,,,E,
SWE00139148,18650125,TMAX,-34,,,E,
SZ000006717,18650125,TMAX,18,,,G,
UK000047811,18650125,TMAX,4,,,E,
UK000056225,18650125,TMAX,6,,,E,
AGE00135039,18650126,TMAX,190,,,E,
ASN00066062,18650126,TMAX,247,,,a,
ASN00086071,18650126,TMAX,227,,,a,
ASN00090015,18650126,TMAX,239,,,a,
AU000005901,18650126,TMAX,8,,,E,
BE000006447,18650126,TMAX,86,,,I,
CA006148100,18650126,TMAX,-122,,,C,
CA006158350,18650126,TMAX,-106,,,C,
EIE00101859,18650126,TMAX,-6,,,E,
EZE00100082,18650126,TMAX,1,,,E,
GM000004204,18650126,TMAX,31,,,E,
GME00125218,18650126,TMAX,18,,,E,
GME00127462,18650126,TMAX,-25,,,E,
ITE00100550,18650126,TMAX,69,,,E,
ITE00100554,18650126,TMAX,38,,,E,
SWE00139148,18650126,TMAX,-60,,,E,
SZ000006717,18650126,TMAX,42,,,G,
UK000047811,18650126,TMAX,13,,,E,
UK000056225,18650126,TMAX,12,,,E,
AGE00135039,18650127,TMAX,190,,,E,
ASN00066062,18650127,TMAX,255,,,a,
ASN00086071,18650127,TMAX,288,,,a,
ASN00090015,18650127,TMAX,222,,,a,
AU000005901,18650127,TMAX,26,,,E,
BE000006447,18650127,TMAX,83,,,I,
CA006148100,18650127,TMAX,-122,,,C,
CA006158350,18650127,TMAX,-94,,,C,
EIE00101859,18650127,TMAX,6,,,E,
EZE00100082,18650127,TMAX,27,,,E,
GM000004204,18650127,TMAX,98,,,E,
GME00125218,18650127,TMAX,84,,,E,
GME00127462,18650127,TMAX,10,,,E,
ITE00100550,18650127,TMAX,71,,,E,
ITE00100554,18650127,TMAX,43,,,E,
SWE00139148,18650127,TMAX,-46,,,E,
SZ000006717,18650127,TMAX,-21,,,G,
UK000047811,18650127,TMAX,13,,,E,
UK000056225,18650127,TMAX,-1,,,E,
AGE00135039,18650128,TMAX,140,,,E,
ASN00066062,18650128,TMAX,257,,,a,
ASN00086071,18650128,TMAX,232,,,a,
ASN00090015,18650128,TMAX,211,,,a,
AU000005901,18650128,TMAX,43,,,E,
BE000006447,18650128,TMAX,34,,,I,
CA006148100,18650128,TMAX,-61,,,C,
CA006158350,18650128,TMAX,-44,,,C,
EIE00101859,18650128,TMAX,28,,,E,
EZE00100082,18650128,TMAX,50,,,E,
GM000004204,18650128,TMAX,70,,,E,
GME00125218,18650128,TMAX,59,,,E,
GME00127462,18650128,TMAX,8,,,E,
ITE00100550,18650128,TMAX,54,,,E,
ITE00100554,18650128,TMAX,58,,,E,
SWE00139148,18650128,TMAX,-62,,,E,
SZ000006717,18650128,TMAX,-65,,I,G,
UK000047811,18650128,TMAX,36,,,E,
UK000056225,18650128,TMAX,22,,,E,
ASN00066062,18650129,TMAX,272,,,a,
ASN00086071,18650129,TMAX,194,,,a,
ASN00090015,18650129,TMAX,217,,,a,
AU000005901,18650129,TMAX,20,,,E,
BE000006447,18650129,TMAX,34,,,I,
CA006158350,18650129,TMAX,-50,,,C,
EIE00101859,18650129,TMAX,56,,,E,
EZE00100082,18650129,TMAX,7,,,E,
GM000004204,18650129,TMAX,24,,,E,
GME00125218,18650129,TMAX,11,,,E,
GME00127462,18650129,TMAX,-34,,I,E,
ITE00100550,18650129,TMAX,75,,,E,
ITE00100554,18650129,TMAX,70,,,E,
SWE00139148,18650129,TMAX,-63,,,E,
SZ000006717,18650129,TMAX,-69,,,G,
UK000047811,18650129,TMAX,57,,,E,
UK000056225,18650129,TMAX,34,,,E,
AGE00135039,18650130,TMAX,140,,,E,
ASN00066062,18650130,TMAX,228,,,a,
ASN00086071,18650130,TMAX,215,,,a,
ASN00090015,18650130,TMAX,211,,,a,
AU000005901,18650130,TMAX,15,,,E,
BE000006447,18650130,TMAX,56,,,I,
CA006148100,18650130,TMAX,-56,,,C,
CA006158350,18650130,TMAX,-28,,,C,
EIE00101859,18650130,TMAX,67,,,E,
EZE00100082,18650130,TMAX,2,,,E,
GM000004204,18650130,TMAX,15,,,E,
GME00125218,18650130,TMAX,-13,,,E,
GME00127462,18650130,TMAX,-31,,,E,
ITE00100550,18650130,TMAX,35,,,E,
ITE00100554,18650130,TMAX,36,,,E,
SWE00139148,18650130,TMAX,-71,,,E,
SZ000006717,18650130,TMAX,-89,,,G,
UK000047811,18650130,TMAX,69,,,E,
UK000056225,18650130,TMAX,44,,,E,
AGE00135039,18650131,TMAX,150,,,E,
ASN00066062,18650131,TMAX,266,,,a,
ASN00086071,18650131,TMAX,210,,,a,
ASN00090015,18650131,TMAX,206,,,a,
AU000005901,18650131,TMAX,-5,,,E,
BE000006447,18650131,TMAX,78,,,I,
CA006148100,18650131,TMAX,-11,,,C,
CA006158350,18650131,TMAX,6,,,C,
EIE00101859,18650131,TMAX,83,,,E,
EZE00100082,18650131,TMAX,12,,,E,
GM000004204,18650131,TMAX,40,,,E,
GME00125218,18650131,TMAX,30,,,E,
GME00127462,18650131,TMAX,-28,,,E,
ITE00100550,18650131,TMAX,50,,,E,
ITE00100554,18650131,TMAX,45,,,E,
SWE00139148,18650131,TMAX,-67,,,E,
SZ000006717,18650131,TMAX,-84,,,G,
UK000047811,18650131,TMAX,69,,,E,
UK000056225,18650131,TMAX,76,,,E,
AGE00135039,18650201,TMAX,185,,,E,
ASN00066062,18650201,TMAX,211,,,a,
ASN00086071,18650201,TMAX,206,,,a,
ASN00090015,18650201,TMAX,206,,,a,
AU000005901,18650201,TMAX,16,,,E,
BE000006447,18650201,TMAX,76,,,I,
CA006148100,18650201,TMAX,-11,,,C,
CA006158350,18650201,TMAX,17,,,C,
EIE00101859,18650201,TMAX,100,,,E,
EZE00100082,18650201,TMAX,-6,,,E,
GM000004204,18650201,TMAX,50,,,E,
GME00125218,18650201,TMAX,38,,,E,
GME00127462,18650201,TMAX,-16,,,E,
ITE00100550,18650201,TMAX,56,,,E,
ITE00100554,18650201,TMAX,17,,,E,
SWE00139148,18650201,TMAX,-54,,,E,
SZ000006717,18650201,TMAX,-50,,,G,
UK000047811,18650201,TMAX,88,,,E,
UK000056225,18650201,TMAX,94,,,E,
AGE00135039,18650202,TMAX,185,,,E,
ASN00066062,18650202,TMAX,230,,,a,
ASN00086071,18650202,TMAX,312,,,a,
ASN00090015,18650202,TMAX,211,,,a,
AU000005901,18650202,TMAX,-4,,,E,
BE000006447,18650202,TMAX,78,,,I,
CA006148100,18650202,TMAX,-28,,,C,
CA006158350,18650202,TMAX,-17,,,C,
EIE00101859,18650202,TMAX,106,,,E,
EZE00100082,18650202,TMAX,1,,,E,
GM000004204,18650202,TMAX,30,,,E,
GME00125218,18650202,TMAX,-3,,,E,
GME00127462,18650202,TMAX,-15,,,E,
ITE00100550,18650202,TMAX,79,,,E,
ITE00100554,18650202,TMAX,56,,,E,
SWE00139148,18650202,TMAX,-63,,,E,
SZ000006717,18650202,TMAX,-79,,,G,
UK000047811,18650202,TMAX,86,,,E,
UK000056225,18650202,TMAX,71,,,E,
AGE00135039,18650203,TMAX,180,,,E,
ASN00066062,18650203,TMAX,362,,,a,
ASN00086071,18650203,TMAX,211,,,a,
ASN00090015,18650203,TMAX,156,,,a,
AU000005901,18650203,TMAX,-9,,,E,
BE000006447,18650203,TMAX,70,,,I,
CA006148100,18650203,TMAX,11,,,C,
CA006158350,18650203,TMAX,17,,,C,
EIE00101859,18650203,TMAX,117,,,E,
EZE00100082,18650203,TMAX,-13,,,E,
GM000004204,18650203,TMAX,-15,,,E,
GME00125218,18650203,TMAX,-36,,,E,
GME00127462,18650203,TMAX,-43,,,E,
ITE00100550,18650203,TMAX,48,,,E,
ITE00100554,18650203,TMAX,39,,,E,
SWE00139148,18650203,TMAX,-188,,I,E,
SZ000006717,18650203,TMAX,-43,,,G,
UK000047811,18650203,TMAX,76,,,E,
UK000056225,18650203,TMAX,35,,I,E,
AGE00135039,18650204,TMAX,180,,,E,
ASN00066062,18650204,TMAX,250,,,a,
ASN00086071,18650204,TMAX,219,,,a,
ASN00090015,18650204,TMAX,156,,,a,
AU000005901,18650204,TMAX,3,,,E,
BE000006447,18650204,TMAX,19,,I,I,
CA006148100,18650204,TMAX,28,,,C,
CA006158350,18650204,TMAX,44,,,C,
EIE00101859,18650204,TMAX,100,,,E,
EZE00100082,18650204,TMAX,-36,,,E,
GM000004204,18650204,TMAX,-55,,,E,
GME00125218,18650204,TMAX,-78,,,E,
GME00127462,18650204,TMAX,-66,,I,E,
ITE00100550,18650204,TMAX,31,,,E,
ITE00100554,18650204,TMAX,30,,,E,
SWE00139148,18650204,TMAX,-190,,,E,
SZ000006717,18650204,TMAX,-72,,,G,
UK000047811,18650204,TMAX,63,,,E,
UK000056225,18650204,TMAX,26,,,E,
ASN00066062,18650205,TMAX,253,,,a,
ASN00086071,18650205,TMAX,266,,,a,
ASN00090015,18650205,TMAX,211,,,a,
AU000005901,18650205,TMAX,-73,,,E,
BE000006447,18650205,TMAX,41,,,I,
CA006158350,18650205,TMAX,-39,,,C,
EIE00101859,18650205,TMAX,106,,,E,
EZE00100082,18650205,TMAX,-87,,,E,
GM000004204,18650205,TMAX,-101,,,E,
GME00125218,18650205,TMAX,-108,,,E,
GME00127462,18650205,TMAX,-88,,,E,
ITE00100550,18650205,TMAX,25,,,E,
ITE00100554,18650205,TMAX,33,,,E,
SWE00139148,18650205,TMAX,-167,,,E,
SZ000006717,18650205,TMAX,-74,,,G,
UK000047811,18650205,TMAX,56,,,E,
UK000056225,18650205,TMAX,83,,,E,
AGE00135039,18650206,TMAX,155,,,E,
ASN00066062,18650206,TMAX,257,,,a,
ASN00086071,18650206,TMAX,333,,,a,
ASN00090015,18650206,TMAX,222,,,a,
AU000005901,18650206,TMAX,-66,,,E,
BE000006447,18650206,TMAX,47,,,I,
CA006148100,18650206,TMAX,-11,,,C,
CA006158350,18650206,TMAX,-61,,,C,
EIE00101859,18650206,TMAX,89,,,E,
EZE00100082,18650206,TMAX,-138,,,E,
GM000004204,18650206,TMAX,-99,,,E,
GME00125218,18650206,TMAX,-95,,,E,
GME00127462,18650206,TMAX,-44,,,E,
ITE00100550,18650206,TMAX,45,,,E,
ITE00100554,18650206,TMAX,61,,,E,
SWE00139148,18650206,TMAX,-154,,,E,
SZ000006717,18650206,TMAX,-100,,,G,
UK000047811,18650206,TMAX,58,,,E,
UK000056225,18650206,TMAX,99,,,E,
AGE00135039,18650207,TMAX,150,,,E,
ASN00066062,18650207,TMAX,367,,,a,
ASN00086071,18650207,TMAX,211,,,a,
ASN00090015,18650207,TMAX,156,,,a,
AU000005901,18650207,TMAX,-55,,,E,
BE000006447,18650207,TMAX,57,,,I,
CA006148100,18650207,TMAX,-72,,,C,
CA006158350,18650207,TMAX,-61,,,C,
EIE00101859,18650207,TMAX,94,,,E,
EZE00100082,18650207,TMAX,-116,,,E,
GM000004204,18650207,TMAX,-95,,,E,
GME00125218,18650207,TMAX,-66,,,E,
GME00127462,18650207,TMAX,-36,,,E,
ITE00100550,18650207,TMAX,53,,,E,
ITE00100554,18650207,TMAX,66,,,E,
SWE00139148,18650207,TMAX,-65,,,E,
SZ000006717,18650207,TMAX,-93,,,G,
UK000047811,18650207,TMAX,58,,,E,
UK000056225,18650207,TMAX,38,,,E,
AGE00135039,18650208,TMAX,160,,,E,
ASN00066062,18650208,TMAX,232,,,a,
ASN00086071,18650208,TMAX,193,,,a,
ASN00090015,18650208,TMAX,206,,,a,
AU000005901,18650208,TMAX,-55,,,E,
BE000006447,18650208,TMAX,31,,,I,
CA006148100,18650208,TMAX,-83,,,C,
CA006158350,18650208,TMAX,-61,,,C,
EIE00101859,18650208,TMAX,89,,,E,
EZE00100082,18650208,TMAX,-88,,,E,
GM000004204,18650208,TMAX,15,,,E,
GME00125218,18650208,TMAX,-14,,,E,
GME00127462,18650208,TMAX,-73,,,E,
ITE00100550,18650208,TMAX,45,,,E,
ITE00100554,18650208,TMAX,43,,,E,
SWE00139148,18650208,TMAX,-100,,,E,
SZ000006717,18650208,TMAX,-53,,,G,
UK000047811,18650208,TMAX,58,,,E,
UK000056225,18650208,TMAX,30,,,E,
AGE00135039,18650209,TMAX,170,,,E,
ASN00066062,18650209,TMAX,222,,,a,
ASN00086071,18650209,TMAX,217,,,a,
ASN00090015,18650209,TMAX,189,,,a,
AU000005901,18650209,TMAX,-48,,,E,
BE000006447,18650209,TMAX,-8,,I,I,
CA006148100,18650209,TMAX,-78,,,C,
CA006158350,18650209,TMAX,-61,,,C,
EIE00101859,18650209,TMAX,94,,,E,
EZE00100082,18650209,TMAX,-40,,,E,
GM000004204,18650209,TMAX,0,,,E,
GME00125218,18650209,TMAX,-14,,,E,
GME00127462,18650209,TMAX,-23,,,E,
ITE00100550,18650209,TMAX,18,,,E,
ITE00100554,18650209,TMAX,58,,,E,
SWE00139148,18650209,TMAX,-123,,,E,
SZ000006717,18650209,TMAX,-117,,,G,
UK000047811,18650209,TMAX,53,,,E,
UK000056225,18650209,TMAX,19,,,E,
AGE00135039,18650210,TMAX,160,,,E,
ASN00066062,18650210,TMAX,241,,,a,
ASN00086071,18650210,TMAX,199,,,a,
ASN00090015,18650210,TMAX,206,,,a,
AU000005901,18650210,TMAX,-55,,,E,
BE000006447,18650210,TMAX,-24,,,I,
CA006148100,18650210,TMAX,-44,,,C,
CA006158350,18650210,TMAX,-22,,,C,
EIE00101859,18650210,TMAX,100,,,E,
EZE00100082,18650210,TMAX,-62,,,E,
GM000004204,18650210,TMAX,-63,,,E,
GME00125218,18650210,TMAX,-74,,,E,
GME00127462,18650210,TMAX,-43,,,E,
ITE00100550,18650210,TMAX,15,,,E,
ITE00100554,18650210,TMAX,67,,,E,
SWE00139148,18650210,TMAX,-87,,,E,
SZ000006717,18650210,TMAX,-188,,,G,
UK000047811,18650210,TMAX,47,,,E,
UK000056225,18650210,TMAX,-11,,,E,
AGE00135039,18650211,TMAX,120,,,E,
ASN00066062,18650211,TMAX,223,,,a,
ASN00086071,18650211,TMAX,219,,,a,
ASN00090015,18650211,TMAX,200,,,a,
AU000005901,18650211,TMAX,-73,,,E,
BE000006447,18650211,TMAX,-50,,,I,
CA006148100,18650211,TMAX,-78,,,C,
CA006158350,18650211,TMAX,-94,,,C,
EIE00101859,18650211,TMAX,106,,,E,
EZE00100082,18650211,TMAX,-77,,,E,
GM000004204,18650211,TMAX,-75,,,E,
GME00125218,18650211,TMAX,-81,,,E,
GME00127462,18650211,TMAX,-38,,,E,
ITE00100550,18650211,TMAX,15,,,E,
ITE00100554,18650211,TMAX,36,,,E,
SWE00139148,18650211,TMAX,-155,,,E,
SZ000006717,18650211,TMAX,-222,,I,G,
UK000047811,18650211,TMAX,61,,,E,
UK000056225,18650211,TMAX,4,,,E,
ASN00066062,18650212,TMAX,232,,,a,
ASN00086071,18650212,TMAX,344,,,a,
ASN00090015,18650212,TMAX,244,,,a,
AU000005901,18650212,TMAX,-60,,,E,
BE000006447,18650212,TMAX,-49,,,I,
CA006158350,18650212,TMAX,-117,,,C,
EIE00101859,18650212,TMAX,89,,,E,
EZE00100082,18650212,TMAX,-67,,,E,
GM000004204,18650212,TMAX,-79,,,E,
GME00125218,18650212,TMAX,-80,,,E,
GME00127462,18650212,TMAX,-49,,,E,
ITE00100550,18650212,TMAX,-1,,,E,
ITE00100554,18650212,TMAX,12,,,E,
SWE00139148,18650212,TMAX,-118,,,E,
SZ000006717,18650212,TMAX,-91,,,G,
UK000047811,18650212,TMAX,55,,,E,
UK000056225,18650212,TMAX,-17,,,E,
AGE00135039,18650213,TMAX,125,,,E,
ASN00066062,18650213,TMAX,233,,,a,
ASN00086071,18650213,TMAX,333,,,a,
ASN00090015,18650213,TMAX,256,,,a,
AU000005901,18650213,TMAX,-69,,,E,
BE000006447,18650213,TMAX,-47,,,I,
CA006148100,18650213,TMAX,-106,,,C,
CA006158350,18650213,TMAX,-89,,,C,
EIE00101859,18650213,TMAX,83,,,E,
EZE00100082,18650213,TMAX,-87,,,E,
GM000004204,18650213,TMAX,-93,,,E,
GME00125218,18650213,TMAX,-118,,,E,
GME00127462,18650213,TMAX,-71,,,E,
ITE00100550,18650213,TMAX,29,,,E,
ITE00100554,18650213,TMAX,24,,,E,
SWE00139148,18650213,TMAX,-113,,,E,
SZ000006717,18650213,TMAX,-83,,,G,
UK000047811,18650213,TMAX,21,,,E,
UK000056225,18650213,TMAX,-6,,,E,
AGE00135039,18650214,TMAX,135,,,E,
ASN00066062,18650214,TMAX,250,,,a,
ASN00086071,18650214,TMAX,317,,,a,
ASN00090015,18650214,TMAX,289,,,a,
AU000005901,18650214,TMAX,-23,,,E,
BE000006447,18650214,TMAX,-45,,,I,
CA006148100,18650214,TMAX,-33,,,C,
CA006158350,18650214,TMAX,-44,,,C,
EIE00101859,18650214,TMAX,89,,,E,
EZE00100082,18650214,TMAX,-95,,,E,
GM000004204,18650214,TMAX,-123,,,E,
GME00125218,18650214,TMAX,-133,,,E,
GME00127462,18650214,TMAX,-68,,,E,
ITE00100550,18650214,TMAX,25,,,E,
ITE00100554,18650214,TMAX,34,,,E,
SWE00139148,18650214,TMAX,7,,,E,
SZ000006717,18650214,TMAX,-67,,,G,
UK000047811,18650214,TMAX,25,,,E,
UK000056225,18650214,TMAX,1,,,E,
AGE00135039,18650215,TMAX,140,,,E,
ASN00066062,18650215,TMAX,254,,,a,
ASN00086071,18650215,TMAX,344,,,a,
ASN00090015,18650215,TMAX,278,,,a,
AU000005901,18650215,TMAX,-60,,,E,
BE000006447,18650215,TMAX,8,,,I,
CA006148100,18650215,TMAX,-39,,,C,
CA006158350,18650215,TMAX,-33,,,C,
EIE00101859,18650215,TMAX,100,,,E,
EZE00100082,18650215,TMAX,-50,,,E,
GM000004204,18650215,TMAX,-60,,,E,
GME00125218,18650215,TMAX,-58,,,E,
GME00127462,18650215,TMAX,-43,,,E,
ITE00100550,18650215,TMAX,46,,,E,
ITE00100554,18650215,TMAX,59,,,E,
SWE00139148,18650215,TMAX,-16,,,E,
SZ000006717,18650215,TMAX,-81,,,G,
UK000047811,18650215,TMAX,26,,,E,
UK000056225,18650215,TMAX,17,,,E,
AGE00135039,18650216,TMAX,140,,,E,
ASN00066062,18650216,TMAX,324,,,a,
ASN00086071,18650216,TMAX,265,,,a,
ASN00090015,18650216,TMAX,183,,,a,
AU000005901,18650216,TMAX,-50,,,E,
BE000006447,18650216,TMAX,32,,,I,
CA006148100,18650216,TMAX,-6,,,C,
CA006158350,18650216,TMAX,-17,,,C,
EIE00101859,18650216,TMAX,67,,,E,
EZE00100082,18650216,TMAX,-74,,,E,
GM000004204,18650216,TMAX,-14,,,E,
GME00125218,18650216,TMAX,-36,,,E,
GME00127462,18650216,TMAX,-69,,,E,
ITE00100550,18650216,TMAX,59,,,E,
ITE00100554,18650216,TMAX,25,,,E,
SWE00139148,18650216,TMAX,12,,,E,
SZ000006717,18650216,TMAX,-35,,,G,
UK000047811,18650216,TMAX,35,,,E,
UK000056225,18650216,TMAX,33,,,E,
AGE00135039,18650217,TMAX,155,,,E,
ASN00066062,18650217,TMAX,239,,,a,
ASN00086071,18650217,TMAX,224,,,a,
ASN00090015,18650217,TMAX,178,,,a,
AU000005901,18650217,TMAX,3,,,E,
BE000006447,18650217,TMAX,35,,,I,
CA006148100,18650217,TMAX,0,,,C,
CA006158350,18650217,TMAX,6,,,C,
EIE00101859,18650217,TMAX,72,,,E,
EZE00100082,18650217,TMAX,-48,,,E,
GM000004204,18650217,TMAX,60,,,E,
GME00125218,18650217,TMAX,29,,,E,
GME00127462,18650217,TMAX,16,,,E,
ITE00100550,18650217,TMAX,48,,,E,
ITE00100554,18650217,TMAX,20,,,E,
SWE00139148,18650217,TMAX,-23,,,E,
SZ000006717,18650217,TMAX,-62,,,G,
UK000047811,18650217,TMAX,34,,,E,
UK000056225,18650217,TMAX,58,,,E,
AGE00135039,18650218,TMAX,145,,,E,
ASN00066062,18650218,TMAX,248,,,a,
ASN00086071,18650218,TMAX,241,,,a,
ASN00090015,18650218,TMAX,183,,,a,
AU000005901,18650218,TMAX,43,,,E,
BE000006447,18650218,TMAX,54,,,I,
CA006148100,18650218,TMAX,-22,,,C,
CA006158350,18650218,TMAX,17,,,C,
EIE00101859,18650218,TMAX,89,,,E,
EZE00100082,18650218,TMAX,22,,,E,
GM000004204,18650218,TMAX,25,,,E,
GME00125218,18650218,TMAX,15,,,E,
GME00127462,18650218,TMAX,13,,,E,
ITE00100550,18650218,TMAX,89,,,E,
ITE00100554,18650218,TMAX,67,,,E,
SWE00139148,18650218,TMAX,10,,,E,
SZ000006717,18650218,TMAX,-83,,,G,
UK000047811,18650218,TMAX,53,,,E,
UK000056225,18650218,TMAX,49,,,E,
ASN00066062,18650219,TMAX,239,,,a,
ASN00086071,18650219,TMAX,190,,,a,
ASN00090015,18650219,TMAX,206,,,a,
AU000005901,18650219,TMAX,55,,,E,
BE000006447,18650219,TMAX,49,,,I,
CA006158350,18650219,TMAX,-6,,,C,
EIE00101859,18650219,TMAX,78,,,E,
EZE00100082,18650219,TMAX,55,,,E,
GM000004204,18650219,TMAX,60,,,E,
GME00125218,18650219,TMAX,53,,,E,
GME00127462,18650219,TMAX,26,,,E,
ITE00100550,18650219,TMAX,95,,,E,
ITE00100554,18650219,TMAX,85,,,E,
SWE00139148,18650219,TMAX,6,,,E,
SZ000006717,18650219,TMAX,-45,,,G,
UK000047811,18650219,TMAX,46,,,E,
UK000056225,18650219,TMAX,21,,,E,
AGE00135039,18650220,TMAX,145,,,E,
ASN00066062,18650220,TMAX,212,,,a,
ASN00086071,18650220,TMAX,208,,,a,
ASN00090015,18650220,TMAX,189,,,a,
AU000005901,18650220,TMAX,44,,,E,
BE000006447,18650220,TMAX,24,,,I,
CA006148100,18650220,TMAX,-6,,,C,
CA006158350,18650220,TMAX,-6,,,C,
EIE00101859,18650220,TMAX,83,,,E,
EZE00100082,18650220,TMAX,38,,,E,
GM000004204,18650220,TMAX,20,,,E,
GME00125218,18650220,TMAX,14,,,E,
GME00127462,18650220,TMAX,6,,,E,
ITE00100550,18650220,TMAX,98,,,E,
ITE00100554,18650220,TMAX,84,,,E,
SWE00139148,18650220,TMAX,7,,,E,
SZ000006717,18650220,TMAX,-145,,I,G,
UK000047811,18650220,TMAX,51,,,E,
UK000056225,18650220,TMAX,44,,,E,
AGE00135039,18650221,TMAX,130,,,E,
ASN00066062,18650221,TMAX,232,,,a,
ASN00086071,18650221,TMAX,222,,,a,
ASN00090015,18650221,TMAX,211,,,a,
AU000005901,18650221,TMAX,28,,,E,
BE000006447,18650221,TMAX,33,,,I,
CA006148100,18650221,TMAX,0,,,C,
CA006158350,18650221,TMAX,0,,,C,
EIE00101859,18650221,TMAX,100,,,E,
EZE00100082,18650221,TMAX,-5,,,E,
GM000004204,18650221,TMAX,-21,,,E,
GME00125218,18650221,TMAX,-10,,,E,
GME00127462,18650221,TMAX,-20,,,E,
ITE00100550,18650221,TMAX,63,,,E,
ITE00100554,18650221,TMAX,67,,,E,
SWE00139148,18650221,TMAX,-76,,,E,
SZ000006717,18650221,TMAX,-173,,,G,
UK000047811,18650221,TMAX,74,,,E,
UK000056225,18650221,TMAX,71,,,E,
AGE00135039,18650222,TMAX,115,,,E,
ASN00066062,18650222,TMAX,249,,,a,
ASN00086071,18650222,TMAX,300,,,a,
ASN00090015,18650222,TMAX,211,,,a,
AU000005901,18650222,TMAX,-19,,,E,
BE000006447,18650222,TMAX,40,,,I,
CA006148100,18650222,TMAX,50,,,C,
CA006158350,18650222,TMAX,56,,,C,
EIE00101859,18650222,TMAX,106,,,E,
EZE00100082,18650222,TMAX,-13,,,E,
GM000004204,18650222,TMAX,-21,,,E,
GME00125218,18650222,TMAX,-24,,,E,
GME00127462,18650222,TMAX,-26,,,E,
ITE00100550,18650222,TMAX,50,,,E,
ITE00100554,18650222,TMAX,71,,,E,
SWE00139148,18650222,TMAX,-58,,,E,
SZ000006717,18650222,TMAX,-135,,,G,
UK000047811,18650222,TMAX,95,,,E,
UK000056225,18650222,TMAX,108,,,E,
AGE00135039,18650223,TMAX,130,,,E,
ASN00066062,18650223,TMAX,267,,,a,
ASN00086071,18650223,TMAX,248,,,a,
ASN00090015,18650223,TMAX,222,,,a,
AU000005901,18650223,TMAX,-21,,,E,
BE000006447,18650223,TMAX,62,,,I,
CA006148100,18650223,TMAX,50,,,C,
CA006158350,18650223,TMAX,22,,,C,
EIE00101859,18650223,TMAX,94,,,E,
EZE00100082,18650223,TMAX,-26,,,E,
GM000004204,18650223,TMAX,-8,,,E,
GME00125218,18650223,TMAX,-28,,,E,
GME00127462,18650223,TMAX,-34,,,E,
ITE00100550,18650223,TMAX,58,,,E,
ITE00100554,18650223,TMAX,63,,,E,
SWE00139148,18650223,TMAX,-36,,,E,
SZ000006717,18650223,TMAX,-98,,,G,
UK000047811,18650223,TMAX,102,,,E,
UK000056225,18650223,TMAX,88,,,E,
AGE00135039,18650224,TMAX,130,,,E,
ASN00066062,18650224,TMAX,301,,,a,
ASN00086071,18650224,TMAX,191,,,a,
ASN00090015,18650224,TMAX,200,,,a,
AU000005901,18650224,TMAX,21,,,E,
BE000006447,18650224,TMAX,65,,,I,
CA006148100,18650224,TMAX,-17,,,C,
CA006158350,18650224,TMAX,-6,,,C,
EIE00101859,18650224,TMAX,100,,,E,
EZE00100082,18650224,TMAX,-12,,,E,
GM000004204,18650224,TMAX,41,,,E,
GME00125218,18650224,TMAX,21,,,E,
GME00127462,18650224,TMAX,1,,,E,
ITE00100550,18650224,TMAX,80,,,E,
ITE00100554,18650224,TMAX,84,,,E,
SWE00139148,18650224,TMAX,28,,,E,
SZ000006717,18650224,TMAX,-6,,,G,
UK000047811,18650224,TMAX,97,,,E,
UK000056225,18650224,TMAX,83,,,E,
AGE00135039,18650225,TMAX,150,,,E,
ASN00066062,18650225,TMAX,261,,,a,
ASN00086071,18650225,TMAX,205,,,a,
ASN00090015,18650225,TMAX,211,,,a,
AU000005901,18650225,TMAX,19,,,E,
BE000006447,18650225,TMAX,70,,,I,
CA006148100,18650225,TMAX,6,,,C,
CA006158350,18650225,TMAX,28,,,C,
EIE00101859,18650225,TMAX,111,,,E,
EZE00100082,18650225,TMAX,-18,,,E,
GM000004204,18650225,TMAX,49,,,E,
GME00125218,18650225,TMAX,34,,,E,
GME00127462,18650225,TMAX,34,,,E,
ITE00100550,18650225,TMAX,90,,,E,
ITE00100554,18650225,TMAX,71,,,E,
SWE00139148,18650225,TMAX,29,,,E,
SZ000006717,18650225,TMAX,-81,,,G,
UK000047811,18650225,TMAX,93,,,E,
UK000056225,18650225,TMAX,88,,,E,
ASN00066062,18650226,TMAX,256,,,a,
ASN00086071,18650226,TMAX,203,,,a,
ASN00090015,18650226,TMAX,211,,,a,
AU000005901,18650226,TMAX,66,,,E,
BE000006447,18650226,TMAX,57,,,I,
CA006158350,18650226,TMAX,56,,,C,
EIE00101859,18650226,TMAX,122,,,E,
EZE00100082,18650226,TMAX,48,,,E,
GM000004204,18650226,TMAX,35,,,E,
GME00125218,18650226,TMAX,34,,,E,
GME00127462,18650226,TMAX,6,,,E,
ITE00100550,18650226,TMAX,98,,,E,
ITE00100554,18650226,TMAX,97,,,E,
SWE00139148,18650226,TMAX,19,,,E,
SZ000006717,18650226,TMAX,-60,,,G,
UK000047811,18650226,TMAX,113,,,E,
UK000056225,18650226,TMAX,88,,,E,
AGE00135039,18650227,TMAX,140,,,E,
ASN00066062,18650227,TMAX,276,,,a,
ASN00086071,18650227,TMAX,397,,,a,
ASN00090015,18650227,TMAX,239,,,a,
AU000005901,18650227,TMAX,38,,,E,
BE000006447,18650227,TMAX,66,,,I,
CA006148100,18650227,TMAX,39,,,C,
CA006158350,18650227,TMAX,-22,,,C,
EIE00101859,18650227,TMAX,106,,,E,
EZE00100082,18650227,TMAX,35,,,E,
GM000004204,18650227,TMAX,41,,,E,
GME00125218,18650227,TMAX,35,,,E,
GME00127462,18650227,TMAX,11,,,E,
ITE00100550,18650227,TMAX,106,,,E,
ITE00100554,18650227,TMAX,102,,,E,
SWE00139148,18650227,TMAX,27,,,E,
SZ000006717,18650227,TMAX,-50,,,G,
UK000047811,18650227,TMAX,83,,,E,
UK000056225,18650227,TMAX,100,,,E,
AGE00135039,18650228,TMAX,135,,,E,
ASN00066062,18650228,TMAX,311,,,a,
ASN00086071,18650228,TMAX,199,,,a,
ASN00090015,18650228,TMAX,211,,,a,
AU000005901,18650228,TMAX,36,,,E,
BE000006447,18650228,TMAX,81,,,I,
CA006148100,18650228,TMAX,-22,,,C,
CA006158350,18650228,TMAX,-28,,,C,
EIE00101859,18650228,TMAX,117,,,E,
EZE00100082,18650228,TMAX,24,,,E,
GM000004204,18650228,TMAX,51,,,E,
GME00125218,18650228,TMAX,33,,,E,
GME00127462,18650228,TMAX,3,,,E,
ITE00100550,18650228,TMAX,116,,,E,
ITE00100554,18650228,TMAX,106,,,E,
SWE00139148,18650228,TMAX,8,,,E,
SZ000006717,18650228,TMAX,34,,,G,
UK000047811,18650228,TMAX,102,,,E,
UK000056225,18650228,TMAX,94,,,E,
AGE00135039,18650301,TMAX,185,,,E,
ASN00066062,18650301,TMAX,252,,,a,
ASN00086071,18650301,TMAX,209,,,a,
ASN00090015,18650301,TMAX,211,,,a,
AU000005901,18650301,TMAX,5,,,E,
BE000006447,18650301,TMAX,77,,,I,
CA006148100,18650301,TMAX,-22,,,C,
CA006158350,18650301,TMAX,-11,,,C,
EIE00101859,18650301,TMAX,122,,,E,
EZE00100082,18650301,TMAX,61,,,E,
GM000004204,18650301,TMAX,75,,,E,
GME00125218,18650301,TMAX,66,,,E,
GME00127462,18650301,TMAX,18,,,E,
ITE00100550,18650301,TMAX,59,,,E,
ITE00100554,18650301,TMAX,71,,,E,
SWE00139148,18650301,TMAX,2,,,E,
SZ000006717,18650301,TMAX,-59,,,G,
UK000047811,18650301,TMAX,99,,,E,
UK000056225,18650301,TMAX,94,,,E,
AGE00135039,18650302,TMAX,165,,,E,
ASN00066062,18650302,TMAX,220,,,a,
ASN00086071,18650302,TMAX,249,,,a,
ASN00090015,18650302,TMAX,194,,,a,
AU000005901,18650302,TMAX,38,,,E,
BE000006447,18650302,TMAX,79,,,I,
CA006148100,18650302,TMAX,28,,,C,
CA006158350,18650302,TMAX,28,,,C,
EIE00101859,18650302,TMAX,117,,,E,
EZE00100082,18650302,TMAX,62,,,E,
GM000004204,18650302,TMAX,61,,,E,
GME00125218,18650302,TMAX,50,,,E,
GME00127462,18650302,TMAX,15,,,E,
ITE00100550,18650302,TMAX,134,,,E,
ITE00100554,18650302,TMAX,142,,,E,
SWE00139148,18650302,TMAX,14,,,E,
SZ000006717,18650302,TMAX,-59,,,G,
UK000047811,18650302,TMAX,86,,,E,
UK000056225,18650302,TMAX,83,,,E,
AGE00135039,18650303,TMAX,150,,,E,
ASN00066062,18650303,TMAX,301,,,a,
ASN00086071,18650303,TMAX,207,,,a,
ASN00090015,18650303,TMAX,228,,,a,
AU000005901,18650303,TMAX,60,,,E,
BE000006447,18650303,TMAX,63,,,I,
CA006148100,18650303,TMAX,33,,,C,
CA006158350,18650303,TMAX,44,,,C,
EIE00101859,18650303,TMAX,128,,,E,
EZE00100082,18650303,TMAX,49,,,E,
GM000004204,18650303,TMAX,46,,,E,
GME00125218,18650303,TMAX,23,,,E,
GME00127462,18650303,TMAX,9,,,E,
ITE00100550,18650303,TMAX,91,,,E,
ITE00100554,18650303,TMAX,126,,,E,
SWE00139148,18650303,TMAX,4,,,E,
SZ000006717,18650303,TMAX,-100,,,G,
UK000047811,18650303,TMAX,76,,,E,
UK000056225,18650303,TMAX,77,,,E,
AGE00135039,18650304,TMAX,145,,,E,
ASN00066062,18650304,TMAX,265,,,a,
ASN00086071,18650304,TMAX,357,,,a,
ASN00090015,18650304,TMAX,189,,,a,
AU000005901,18650304,TMAX,45,,,E,
BE000006447,18650304,TMAX,77,,,I,
CA006148100,18650304,TMAX,-6,,,C,
CA006158350,18650304,TMAX,-6,,,C,
EIE00101859,18650304,TMAX,94,,,E,
EZE00100082,18650304,TMAX,29,,,E,
GM000004204,18650304,TMAX,36,,,E,
GME00125218,18650304,TMAX,36,,,E,
GME00127462,18650304,TMAX,18,,,E,
ITE00100550,18650304,TMAX,100,,,E,
ITE00100554,18650304,TMAX,110,,,E,
SWE00139148,18650304,TMAX,-18,,,E,
SZ000006717,18650304,TMAX,-72,,,G,
UK000047811,18650304,TMAX,82,,,E,
UK000056225,18650304,TMAX,73,,,E,
ASN00066062,18650305,TMAX,284,,,a,
ASN00086071,18650305,TMAX,208,,,a,
ASN00090015,18650305,TMAX,189,,,a,
AU000005901,18650305,TMAX,38,,,E,
BE000006447,18650305,TMAX,60,,,I,
CA006158350,18650305,TMAX,-17,,,C,
EIE00101859,18650305,TMAX,111,,,E,
EZE00100082,18650305,TMAX,29,,,E,
GM000004204,18650305,TMAX,40,,,E,
GME00125218,18650305,TMAX,28,,,E,
GME00127462,18650305,TMAX,29,,,E,
ITE00100550,18650305,TMAX,91,,,E,
ITE00100554,18650305,TMAX,86,,,E,
SWE00139148,18650305,TMAX,-1,,,E,
SZ000006717,18650305,TMAX,-47,,,G,
UK000047811,18650305,TMAX,78,,,E,
UK000056225,18650305,TMAX,62,,,E,
AGE00135039,18650306,TMAX,165,,,E,
ASN00066062,18650306,TMAX,223,,,a,
ASN00086071,18650306,TMAX,217,,,a,
ASN00090015,18650306,TMAX,211,,,a,
AU000005901,18650306,TMAX,28,,,E,
BE000006447,18650306,TMAX,72,,,I,
CA006148100,18650306,TMAX,17,,,C,
CA006158350,18650306,TMAX,22,,,C,
EIE00101859,18650306,TMAX,100,,,E,
EZE00100082,18650306,TMAX,19,,,E,
GM000004204,18650306,TMAX,63,,,E,
GME00125218,18650306,TMAX,63,,,E,
GME00127462,18650306,TMAX,28,,,E,
ITE00100550,18650306,TMAX,71,,,E,
ITE00100554,18650306,TMAX,54,,,E,
SWE00139148,18650306,TMAX,28,,,E,
SZ000006717,18650306,TMAX,-99,,,G,
UK000047811,18650306,TMAX,78,,,E,
UK000056225,18650306,TMAX,61,,,E,
AGE00135039,18650307,TMAX,150,,,E,
ASN00066062,18650307,TMAX,222,,,a,
ASN00086071,18650307,TMAX,210,,,a,
ASN00090015,18650307,TMAX,222,,,a,
AU000005901,18650307,TMAX,50,,,E,
BE000006447,18650307,TMAX,60,,,I,
CA006148100,18650307,TMAX,56,,,C,
CA006158350,18650307,TMAX,61,,,C,
EIE00101859,18650307,TMAX,106,,,E,
EZE00100082,18650307,TMAX,56,,,E,
GM000004204,18650307,TMAX,34,,,E,
GME00125218,18650307,TMAX,25,,,E,
GME00127462,18650307,TMAX,15,,,E,
ITE00100550,18650307,TMAX,91,,,E,
ITE00100554,18650307,TMAX,34,,,E,
SWE00139148,18650307,TMAX,28,,,E,
SZ000006717,18650307,TMAX,-80,,,G,
UK000047811,18650307,TMAX,78,,,E,
UK000056225,18650307,TMAX,50,,,E,
AGE00135039,18650308,TMAX,115,,,E,
ASN00066062,18650308,TMAX,224,,,a,
ASN00086071,18650308,TMAX,211,,,a,
ASN00090015,18650308,TMAX,211,,,a,
AU000005901,18650308,TMAX,45,,,E,
BE000006447,18650308,TMAX,49,,,I,
CA006148100,18650308,TMAX,61,,,C,
CA006158350,18650308,TMAX,-11,,,C,
EIE00101859,18650308,TMAX,122,,,E,
EZE00100082,18650308,TMAX,33,,,E,
GM000004204,18650308,TMAX,39,,,E,
GME00125218,18650308,TMAX,24,,,E,
GME00127462,18650308,TMAX,5,,,E,
ITE00100550,18650308,TMAX,91,,,E,
ITE00100554,18650308,TMAX,58,,,E,
SWE00139148,18650308,TMAX,2,,,E,
SZ000006717,18650308,TMAX,-88,,,G,
UK000047811,18650308,TMAX,59,,,E,
UK000056225,18650308,TMAX,55,,,E,
AGE00135039,18650309,TMAX,160,,,E,
ASN00066062,18650309,TMAX,223,,,a,
ASN00086071,18650309,TMAX,233,,,a,
ASN00090015,18650309,TMAX,233,,,a,
AU000005901,18650309,TMAX,46,,,E,
BE000006447,18650309,TMAX,41,,,I,
CA006148100,18650309,TMAX,28,,,C,
CA006158350,18650309,TMAX,33,,,C,
EIE00101859,18650309,TMAX,128,,,E,
EZE00100082,18650309,TMAX,38,,,E,
GM000004204,18650309,TMAX,49,,,E,
GME00125218,18650309,TMAX,48,,,E,
GME00127462,18650309,TMAX,29,,,E,
ITE00100550,18650309,TMAX,65,,,E,
ITE00100554,18650309,TMAX,102,,,E,
SWE00139148,18650309,TMAX,-1,,,E,
SZ000006717,18650309,TMAX,-120,,,G,
UK000047811,18650309,TMAX,70,,,E,
UK000056225,18650309,TMAX,55,,,E,
AGE00135039,18650310,TMAX,125,,,E,
ASN00066062,18650310,TMAX,251,,,a,
ASN00086071,18650310,TMAX,305,,,a,
ASN00090015,18650310,TMAX,228,,,a,
AU000005901,18650310,TMAX,43,,,E,
BE000006447,18650310,TMAX,48,,,I,
CA006148100,18650310,TMAX,-22,,,C,
CA006158350,18650310,TMAX,-61,,,C,
EIE00101859,18650310,TMAX,117,,,E,
EZE00100082,18650310,TMAX,38,,,E,
GM000004204,18650310,TMAX,35,,,E,
GME00125218,18650310,TMAX,38,,,E,
GME00127462,18650310,TMAX,25,,,E,
ITE00100550,18650310,TMAX,93,,,E,
ITE00100554,18650310,TMAX,115,,,E,
SWE00139148,18650310,TMAX,24,,,E,
SZ000006717,18650310,TMAX,-119,,,G,
UK000047811,18650310,TMAX,87,,,E,
UK000056225,18650310,TMAX,59,,,E,
AGE00135039,18650311,TMAX,160,,,E,
ASN00066062,18650311,TMAX,233,,,a,
ASN00086071,18650311,TMAX,194,,,a,
ASN00090015,18650311,TMAX,194,,,a,
AU000005901,18650311,TMAX,54,,,E,
BE000006447,18650311,TMAX,51,,,I,
CA006148100,18650311,TMAX,-44,,,C,
CA006158350,18650311,TMAX,-22,,,C,
EIE00101859,18650311,TMAX,122,,,E,
EZE00100082,18650311,TMAX,37,,,E,
GM000004204,18650311,TMAX,56,,,E,
GME00125218,18650311,TMAX,44,,,E,
GME00127462,18650311,TMAX,30,,,E,
ITE00100550,18650311,TMAX,106,,,E,
ITE00100554,18650311,TMAX,84,,,E,
SWE00139148,18650311,TMAX,39,,,E,
SZ000006717,18650311,TMAX,-82,,,G,
UK000047811,18650311,TMAX,73,,,E,
UK000056225,18650311,TMAX,49,,,E,
ASN00066062,18650312,TMAX,217,,,a,
ASN00086071,18650312,TMAX,266,,,a,
ASN00090015,18650312,TMAX,200,,,a,
AU000005901,18650312,TMAX,45,,,E,
BE000006447,18650312,TMAX,33,,,I,
CA006158350,18650312,TMAX,-78,,,C,
EIE00101859,18650312,TMAX,100,,,E,
EZE00100082,18650312,TMAX,17,,,E,
GM000004204,18650312,TMAX,18,,,E,
GME00125218,18650312,TMAX,3,,,E,
GME00127462,18650312,TMAX,9,,,E,
ITE00100550,18650312,TMAX,96,,,E,
ITE00100554,18650312,TMAX,118,,,E,
SWE00139148,18650312,TMAX,8,,,E,
SZ000006717,18650312,TMAX,-54,,,G,
UK000047811,18650312,TMAX,92,,,E,
UK000056225,18650312,TMAX,67,,,E,
AGE00135039,18650313,TMAX,165,,,E,
ASN00066062,18650313,TMAX,261,,,a,
ASN00086071,18650313,TMAX,255,,,a,
ASN00090015,18650313,TMAX,256,,,a,
AU000005901,18650313,TMAX,41,,,E,
BE000006447,18650313,TMAX,35,,,I,
CA006148100,18650313,TMAX,-39,,,C,
CA006158350,18650313,TMAX,-17,,,C,
EIE00101859,18650313,TMAX,89,,,E,
EZE00100082,18650313,TMAX,23,,,E,
GM000004204,18650313,TMAX,21,,,E,
GME00125218,18650313,TMAX,1,,,E,
GME00127462,18650313,TMAX,13,,,E,
ITE00100550,18650313,TMAX,105,,,E,
ITE00100554,18650313,TMAX,122,,,E,
SWE00139148,18650313,TMAX,-18,,,E,
SZ000006717,18650313,TMAX,-54,,,G,
UK000047811,18650313,TMAX,76,,,E,
UK000056225,18650313,TMAX,44,,,E,
AGE00135039,18650314,TMAX,170,,,E,
ASN00066062,18650314,TMAX,269,,,a,
ASN00086071,18650314,TMAX,188,,,a,
ASN00090015,18650314,TMAX,206,,,a,
AU000005901,18650314,TMAX,53,,,E,
BE000006447,18650314,TMAX,34,,,I,
CA006148100,18650314,TMAX,17,,,C,
CA006158350,18650314,TMAX,39,,,C,
EIE00101859,18650314,TMAX,100,,,E,
EZE00100082,18650314,TMAX,25,,,E,
GM000004204,18650314,TMAX,23,,,E,
GME00125218,18650314,TMAX,24,,,E,
GME00127462,18650314,TMAX,9,,,E,
ITE00100550,18650314,TMAX,94,,,E,
ITE00100554,18650314,TMAX,100,,,E,
SWE00139148,18650314,TMAX,-13,,,E,
SZ000006717,18650314,TMAX,-90,,,G,
UK000047811,18650314,TMAX,64,,,E,
UK000056225,18650314,TMAX,44,,,E,
AGE00135039,18650315,TMAX,150,,,E,
ASN00066062,18650315,TMAX,256,,,a,
ASN00086071,18650315,TMAX,227,,,a,
ASN00090015,18650315,TMAX,183,,,a,
AU000005901,18650315,TMAX,79,,,E,
BE000006447,18650315,TMAX,33,,,I,
CA006148100,18650315,TMAX,94,,,C,
CA006158350,18650315,TMAX,89,,,C,
EIE00101859,18650315,TMAX,106,,,E,
EZE00100082,18650315,TMAX,58,,,E,
GM000004204,18650315,TMAX,63,,,E,
GME00125218,18650315,TMAX,58,,,E,
GME00127462,18650315,TMAX,25,,,E,
ITE00100550,18650315,TMAX,78,,,E,
ITE00100554,18650315,TMAX,108,,,E,
SWE00139148,18650315,TMAX,-30,,,E,
SZ000006717,18650315,TMAX,-80,,,G,
UK000047811,18650315,TMAX,80,,,E,
UK000056225,18650315,TMAX,61,,,E,
AGE00135039,18650316,TMAX,125,,,E,
ASN00066062,18650316,TMAX,261,,,a,
ASN00086071,18650316,TMAX,223,,,a,
ASN00090015,18650316,TMAX,189,,,a,
AU000005901,18650316,TMAX,46,,,E,
BE000006447,18650316,TMAX,41,,,I,
CA006148100,18650316,TMAX,106,,,C,
CA006158350,18650316,TMAX,94,,,C,
EIE00101859,18650316,TMAX,100,,,E,
EZE00100082,18650316,TMAX,25,,,E,
GM000004204,18650316,TMAX,18,,,E,
GME00125218,18650316,TMAX,28,,,E,
GME00127462,18650316,TMAX,20,,,E,
ITE00100550,18650316,TMAX,75,,,E,
ITE00100554,18650316,TMAX,114,,,E,
SWE00139148,18650316,TMAX,20,,,E,
SZ000006717,18650316,TMAX,-82,,,G,
UK000047811,18650316,TMAX,89,,,E,
UK000056225,18650316,TMAX,52,,,E,
AGE00135039,18650317,TMAX,140,,,E,
ASN00066062,18650317,TMAX,278,,,a,
ASN00086071,18650317,TMAX,156,,,a,
ASN00090015,18650317,TMAX,156,,,a,
AU000005901,18650317,TMAX,28,,,E,
BE000006447,18650317,TMAX,53,,,I,
CA006148100,18650317,TMAX,106,,,C,
CA006158350,18650317,TMAX,67,,,C,
EIE00101859,18650317,TMAX,94,,,E,
EZE00100082,18650317,TMAX,15,,,E,
GM000004204,18650317,TMAX,19,,,E,
GME00125218,18650317,TMAX,6,,,E,
GME00127462,18650317,TMAX,19,,,E,
ITE00100550,18650317,TMAX,121,,,E,
ITE00100554,18650317,TMAX,118,,,E,
SWE00139148,18650317,TMAX,-17,,,E,
SZ000006717,18650317,TMAX,-66,,,G,
UK000047811,18650317,TMAX,76,,,E,
UK000056225,18650317,TMAX,49,,,E,
AGE00135039,18650318,TMAX,150,,,E,
ASN00066062,18650318,TMAX,196,,,a,
ASN00086071,18650318,TMAX,187,,,a,
ASN00090015,18650318,TMAX,156,,,a,
AU000005901,18650318,TMAX,46,,,E,
BE000006447,18650318,TMAX,38,,,I,
CA006148100,18650318,TMAX,72,,,C,
CA006158350,18650318,TMAX,56,,,C,
EIE00101859,18650318,TMAX,83,,,E,
EZE00100082,18650318,TMAX,25,,,E,
GM000004204,18650318,TMAX,40,,,E,
GME00125218,18650318,TMAX,0,,,E,
GME00127462,18650318,TMAX,-4,,,E,
ITE00100550,18650318,TMAX,85,,,E,
ITE00100554,18650318,TMAX,114,,,E,
SWE00139148,18650318,TMAX,-52,,,E,
SZ000006717,18650318,TMAX,-49,,,G,
UK000047811,18650318,TMAX,70,,,E,
UK000056225,18650318,TMAX,33,,,E,
ASN00066062,18650319,TMAX,242,,,a,
ASN00086071,18650319,TMAX,205,,,a,
ASN00090015,18650319,TMAX,194,,,a,
AU000005901,18650319,TMAX,-30,,,E,
BE000006447,18650319,TMAX,41,,,I,
CA006158350,18650319,TMAX,67,,,C,
EIE00101859,18650319,TMAX,78,,,E,
EZE00100082,18650319,TMAX,-9,,,E,
GM000004204,18650319,TMAX,-3,,,E,
GME00125218,18650319,TMAX,-23,,,E,
GME00127462,18650319,TMAX,-44,,I,E,
ITE00100550,18650319,TMAX,79,,,E,
ITE00100554,18650319,TMAX,94,,,E,
SWE00139148,18650319,TMAX,-53,,,E,
SZ000006717,18650319,TMAX,-71,,,G,
UK000047811,18650319,TMAX,56,,,E,
UK000056225,18650319,TMAX,27,,,E,
AGE00135039,18650320,TMAX,165,,,E,
ASN00066062,18650320,TMAX,239,,,a,
ASN00086071,18650320,TMAX,209,,,a,
ASN00090015,18650320,TMAX,211,,,a,
AU000005901,18650320,TMAX,-59,,,E,
BE000006447,18650320,TMAX,-3,,,I,
CA006148100,18650320,TMAX,139,,,C,
CA006158350,18650320,TMAX,61,,,C,
EIE00101859,18650320,TMAX,83,,,E,
EZE00100082,18650320,TMAX,-73,,,E,
GM000004204,18650320,TMAX,-59,,,E,
GME00125218,18650320,TMAX,-61,,,E,
GME00127462,18650320,TMAX,-39,,,E,
ITE00100550,18650320,TMAX,44,,,E,
ITE00100554,18650320,TMAX,21,,,E,
SWE00139148,18650320,TMAX,-11,,,E,
SZ000006717,18650320,TMAX,-60,,,G,
UK000047811,18650320,TMAX,58,,,E,
UK000056225,18650320,TMAX,33,,,E,
AGE00135039,18650321,TMAX,165,,,E,
ASN00066062,18650321,TMAX,233,,,a,
ASN00086071,18650321,TMAX,233,,,a,
ASN00090015,18650321,TMAX,228,,,a,
AU000005901,18650321,TMAX,-29,,,E,
BE000006447,18650321,TMAX,14,,,I,
CA006148100,18650321,TMAX,139,,,C,
CA006158350,18650321,TMAX,106,,,C,
EIE00101859,18650321,TMAX,89,,,E,
EZE00100082,18650321,TMAX,-46,,,E,
GM000004204,18650321,TMAX,-24,,,E,
GME00125218,18650321,TMAX,-65,,,E,
GME00127462,18650321,TMAX,-18,,,E,
ITE00100550,18650321,TMAX,25,,,E,
ITE00100554,18650321,TMAX,24,,,E,
SWE00139148,18650321,TMAX,44,,,E,
SZ000006717,18650321,TMAX,-46,,,G,
UK000047811,18650321,TMAX,53,,,E,
UK000056225,18650321,TMAX,58,,,E,
AGE00135039,18650322,TMAX,150,,,E,
ASN00066062,18650322,TMAX,246,,,a,
ASN00086071,18650322,TMAX,218,,,a,
ASN00090015,18650322,TMAX,189,,,a,
AU000005901,18650322,TMAX,-4,,,E,
BE000006447,18650322,TMAX,34,,,I,
CA006148100,18650322,TMAX,111,,,C,
CA006158350,18650322,TMAX,33,,,C,
EIE00101859,18650322,TMAX,100,,,E,
EZE00100082,18650322,TMAX,-20,,,E,
GM000004204,18650322,TMAX,-28,,,E,
GME00125218,18650322,TMAX,-44,,,E,
GME00127462,18650322,TMAX,0,,,E,
ITE00100550,18650322,TMAX,13,,,E,
ITE00100554,18650322,TMAX,17,,,E,
SWE00139148,18650322,TMAX,28,,,E,
SZ000006717,18650322,TMAX,-49,,,G,
UK000047811,18650322,TMAX,70,,,E,
UK000056225,18650322,TMAX,55,,,E,
AGE00135039,18650323,TMAX,145,,,E,
ASN00066062,18650323,TMAX,263,,,a,
ASN00086071,18650323,TMAX,212,,,a,
ASN00090015,18650323,TMAX,183,,,a,
AU000005901,18650323,TMAX,-8,,,E,
BE000006447,18650323,TMAX,41,,,I,
CA006148100,18650323,TMAX,33,,,C,
CA006158350,18650323,TMAX,67,,,C,
EIE00101859,18650323,TMAX,94,,,E,
EZE00100082,18650323,TMAX,-5,,,E,
GM000004204,18650323,TMAX,-4,,,E,
GME00125218,18650323,TMAX,-20,,,E,
GME00127462,18650323,TMAX,-11,,,E,
ITE00100550,18650323,TMAX,63,,,E,
ITE00100554,18650323,TMAX,53,,,E,
SWE00139148,18650323,TMAX,-19,,,E,
SZ000006717,18650323,TMAX,-151,,I,G,
UK000047811,18650323,TMAX,76,,,E,
UK000056225,18650323,TMAX,61,,,E,
AGE00135039,18650324,TMAX,145,,,E,
ASN00066062,18650324,TMAX,301,,,a,
ASN00086071,18650324,TMAX,177,,,a,
ASN00090015,18650324,TMAX,189,,,a,
AU000005901,18650324,TMAX,10,,,E,
BE000006447,18650324,TMAX,46,,,I,
CA006148100,18650324,TMAX,0,,,C,
CA006158350,18650324,TMAX,28,,,C,
EIE00101859,18650324,TMAX,106,,,E,
EZE00100082,18650324,TMAX,7,,,E,
GM000004204,18650324,TMAX,21,,,E,
GME00125218,18650324,TMAX,3,,,E,
GME00127462,18650324,TMAX,15,,,E,
ITE00100550,18650324,TMAX,60,,,E,
ITE00100554,18650324,TMAX,44,,,E,
SWE00139148,18650324,TMAX,-43,,,E,
SZ000006717,18650324,TMAX,-151,,,G,
UK000047811,18650324,TMAX,70,,,E,
UK000056225,18650324,TMAX,55,,,E,
AGE00135039,18650325,TMAX,145,,,E,
ASN00066062,18650325,TMAX,228,,,a,
ASN00086071,18650325,TMAX,192,,,a,
ASN00090015,18650325,TMAX,211,,,a,
AU000005901,18650325,TMAX,45,,,E,
BE000006447,18650325,TMAX,52,,,I,
CA006148100,18650325,TMAX,-6,,,C,
CA006158350,18650325,TMAX,28,,,C,
EIE00101859,18650325,TMAX,94,,,E,
EZE00100082,18650325,TMAX,18,,,E,
GM000004204,18650325,TMAX,11,,,E,
GME00125218,18650325,TMAX,-13,,,E,
GME00127462,18650325,TMAX,-19,,,E,
ITE00100550,18650325,TMAX,61,,,E,
ITE00100554,18650325,TMAX,50,,,E,
SWE00139148,18650325,TMAX,10,,,E,
SZ000006717,18650325,TMAX,-128,,,G,
UK000047811,18650325,TMAX,83,,,E,
UK000056225,18650325,TMAX,49,,,E,
ASN00066062,18650326,TMAX,245,,,a,
ASN00086071,18650326,TMAX,303,,,a,
ASN00090015,18650326,TMAX,200,,,a,
AU000005901,18650326,TMAX,58,,,E,
BE000006447,18650326,TMAX,53,,,I,
CA006158350,18650326,TMAX,39,,,C,
EIE00101859,18650326,TMAX,89,,,E,
EZE00100082,18650326,TMAX,45,,,E,
GM000004204,18650326,TMAX,36,,,E,
GME00125218,18650326,TMAX,23,,,E,
GME00127462,18650326,TMAX,6,,,E,
ITE00100550,18650326,TMAX,83,,,E,
ITE00100554,18650326,TMAX,48,,,E,
SWE00139148,18650326,TMAX,-30,,,E,
SZ000006717,18650326,TMAX,-127,,,G,
UK000047811,18650326,TMAX,76,,,E,
UK000056225,18650326,TMAX,48,,,E,
AGE00135039,18650327,TMAX,155,,,E,
ASN00066062,18650327,TMAX,245,,,a,
ASN00086071,18650327,TMAX,304,,,a,
ASN00090015,18650327,TMAX,244,,,a,
AU000005901,18650327,TMAX,125,,,E,
BE000006447,18650327,TMAX,34,,,I,
CA006148100,18650327,TMAX,78,,,C,
CA006158350,18650327,TMAX,89,,,C,
EIE00101859,18650327,TMAX,94,,,E,
EZE00100082,18650327,TMAX,75,,,E,
GM000004204,18650327,TMAX,45,,,E,
GME00125218,18650327,TMAX,48,,,E,
GME00127462,18650327,TMAX,19,,,E,
ITE00100550,18650327,TMAX,81,,,E,
ITE00100554,18650327,TMAX,24,,,E,
SWE00139148,18650327,TMAX,-50,,,E,
SZ000006717,18650327,TMAX,-99,,,G,
UK000047811,18650327,TMAX,71,,,E,
UK000056225,18650327,TMAX,67,,,E,
AGE00135039,18650328,TMAX,140,,,E,
ASN00066062,18650328,TMAX,252,,,a,
ASN00086071,18650328,TMAX,344,,,a,
ASN00090015,18650328,TMAX,267,,,a,
AU000005901,18650328,TMAX,20,,,E,
BE000006447,18650328,TMAX,34,,,I,
CA006148100,18650328,TMAX,106,,,C,
CA006158350,18650328,TMAX,72,,,C,
EIE00101859,18650328,TMAX,100,,,E,
EZE00100082,18650328,TMAX,9,,,E,
GM000004204,18650328,TMAX,-8,,,E,
GME00125218,18650328,TMAX,-13,,,E,
GME00127462,18650328,TMAX,-9,,,E,
ITE00100550,18650328,TMAX,63,,,E,
ITE00100554,18650328,TMAX,56,,,E,
SWE00139148,18650328,TMAX,-52,,,E,
SZ000006717,18650328,TMAX,-143,,,G,
UK000047811,18650328,TMAX,87,,,E,
UK000056225,18650328,TMAX,41,,,E,
AGE00135039,18650329,TMAX,165,,,E,
ASN00066062,18650329,TMAX,254,,,a,
ASN00086071,18650329,TMAX,312,,,a,
ASN00090015,18650329,TMAX,228,,,a,
AU000005901,18650329,TMAX,-8,,,E,
BE000006447,18650329,TMAX,29,,,I,
CA006148100,18650329,TMAX,122,,,C,
CA006158350,18650329,TMAX,117,,,C,
EIE00101859,18650329,TMAX,111,,,E,
EZE00100082,18650329,TMAX,-24,,,E,
GM000004204,18650329,TMAX,-28,,,E,
GME00125218,18650329,TMAX,-21,,,E,
GME00127462,18650329,TMAX,5,,,E,
ITE00100550,18650329,TMAX,50,,,E,
ITE00100554,18650329,TMAX,44,,,E,
SWE00139148,18650329,TMAX,-47,,,E,
SZ000006717,18650329,TMAX,-176,,,G,
UK000047811,18650329,TMAX,108,,,E,
UK000056225,18650329,TMAX,83,,,E,
AGE00135039,18650330,TMAX,170,,,E,
ASN00066062,18650330,TMAX,261,,,a,
ASN00086071,18650330,TMAX,277,,,a,
ASN00090015,18650330,TMAX,211,,,a,
AU000005901,18650330,TMAX,28,,,E,
BE000006447,18650330,TMAX,39,,,I,
CA006148100,18650330,TMAX,128,,,C,
CA006158350,18650330,TMAX,133,,,C,
EIE00101859,18650330,TMAX,117,,,E,
EZE00100082,18650330,TMAX,40,,,E,
GM000004204,18650330,TMAX,4,,,E,
GME00125218,18650330,TMAX,9,,,E,
GME00127462,18650330,TMAX,23,,,E,
ITE00100550,18650330,TMAX,60,,,E,
ITE00100554,18650330,TMAX,66,,,E,
SWE00139148,18650330,TMAX,51,,,E,
SZ000006717,18650330,TMAX,-154,,,G,
UK000047811,18650330,TMAX,122,,,E,
UK000056225,18650330,TMAX,113,,,E,
AGE00135039,18650331,TMAX,145,,,E,
ASN00066062,18650331,TMAX,214,,,a,
ASN00086071,18650331,TMAX,177,,,a,
ASN00090015,18650331,TMAX,167,,,a,
AU000005901,18650331,TMAX,58,,,E,
BE000006447,18650331,TMAX,68,,,I,
CA006148100,18650331,TMAX,133,,,C,
CA006158350,18650331,TMAX,128,,,C,
EIE00101859,18650331,TMAX,122,,,E,
EZE00100082,18650331,TMAX,37,,,E,
GM000004204,18650331,TMAX,38,,,E,
GME00125218,18650331,TMAX,20,,,E,
GME00127462,18650331,TMAX,48,,,E,
ITE00100550,18650331,TMAX,68,,,E,
ITE00100554,18650331,TMAX,68,,,E,
SWE00139148,18650331,TMAX,60,,,E,
SZ000006717,18650331,TMAX,-94,,,G,
UK000047811,18650331,TMAX,122,,,E,
UK000056225,18650331,TMAX,117,,,E,
AGE00135039,18650401,TMAX,165,,,E,
ASN00066062,18650401,TMAX,264,,,a,
ASN00086071,18650401,TMAX,203,,,a,
ASN00090015,18650401,TMAX,178,,,a,
AU000005901,18650401,TMAX,55,,,E,
BE000006447,18650401,TMAX,82,,,I,
CA006148100,18650401,TMAX,111,,,C,
CA006158350,18650401,TMAX,89,,,C,
EIE00101859,18650401,TMAX,128,,,E,
EZE00100082,18650401,TMAX,34,,,E,
GM000004204,18650401,TMAX,46,,,E,
GME00125218,18650401,TMAX,31,,,E,
GME00127462,18650401,TMAX,46,,,E,
ITE00100550,18650401,TMAX,84,,,E,
ITE00100554,18650401,TMAX,83,,,E,
SWE00139148,18650401,TMAX,37,,,E,
SZ000006717,18650401,TMAX,-73,,,G,
UK000047811,18650401,TMAX,122,,,E,
UK000056225,18650401,TMAX,122,,,E,
ASN00066062,18650402,TMAX,216,,,a,
ASN00086071,18650402,TMAX,177,,,a,
ASN00090015,18650402,TMAX,189,,,a,
AU000005901,18650402,TMAX,73,,,E,
BE000006447,18650402,TMAX,104,,,I,
CA006158350,18650402,TMAX,100,,,C,
EIE00101859,18650402,TMAX,117,,,E,
EZE00100082,18650402,TMAX,44,,,E,
GM000004204,18650402,TMAX,60,,,E,
GME00125218,18650402,TMAX,53,,,E,
GME00127462,18650402,TMAX,53,,,E,
ITE00100550,18650402,TMAX,109,,,E,
ITE00100554,18650402,TMAX,118,,,E,
SWE00139148,18650402,TMAX,24,,,E,
SZ000006717,18650402,TMAX,-33,,,G,
UK000047811,18650402,TMAX,117,,,E,
UK000056225,18650402,TMAX,147,,,E,
AGE00135039,18650403,TMAX,185,,,E,
ASN00066062,18650403,TMAX,202,,,a,
ASN00086071,18650403,TMAX,263,,,a,
ASN00090015,18650403,TMAX,211,,,a,
AU000005901,18650403,TMAX,98,,,E,
BE000006447,18650403,TMAX,113,,,I,
CA006148100,18650403,TMAX,111,,,C,
CA006158350,18650403,TMAX,106,,,C,
EIE00101859,18650403,TMAX,111,,,E,
EZE00100082,18650403,TMAX,61,,,E,
GM000004204,18650403,TMAX,80,,,E,
GME00125218,18650403,TMAX,53,,,E,
GME00127462,18650403,TMAX,55,,,E,
ITE00100550,18650403,TMAX,135,,,E,
ITE00100554,18650403,TMAX,124,,,E,
SWE00139148,18650403,TMAX,88,,,E,
SZ000006717,18650403,TMAX,-53,,,G,
UK000047811,18650403,TMAX,122,,,E,
UK000056225,18650403,TMAX,139,,,E,
AGE00135039,18650404,TMAX,165,,,E,
ASN00066062,18650404,TMAX,222,,,a,
ASN00086071,18650404,TMAX,311,,,a,
ASN00090015,18650404,TMAX,233,,,a,
AU000005901,18650404,TMAX,135,,,E,
BE000006447,18650404,TMAX,131,,,I,
CA006148100,18650404,TMAX,122,,,C,
CA006158350,18650404,TMAX,139,,,C,
EIE00101859,18650404,TMAX,117,,,E,
EZE00100082,18650404,TMAX,83,,,E,
GM000004204,18650404,TMAX,96,,,E,
GME00125218,18650404,TMAX,75,,,E,
GME00127462,18650404,TMAX,59,,,E,
ITE00100550,18650404,TMAX,150,,,E,
ITE00100554,18650404,TMAX,158,,,E,
SWE00139148,18650404,TMAX,57,,,E,
SZ000006717,18650404,TMAX,-28,,,G,
UK000047811,18650404,TMAX,150,,,E,
UK000056225,18650404,TMAX,134,,,E,
AGE00135039,18650405,TMAX,145,,,E,
ASN00066062,18650405,TMAX,251,,,a,
ASN00086071,18650405,TMAX,327,,,a,
ASN00090015,18650405,TMAX,239,,,a,
AU000005901,18650405,TMAX,140,,,E,
BE000006447,18650405,TMAX,137,,,I,
CA006148100,18650405,TMAX,172,,,C,
CA006158350,18650405,TMAX,133,,,C,
EIE00101859,18650405,TMAX,122,,,E,
EZE00100082,18650405,TMAX,124,,,E,
GM000004204,18650405,TMAX,93,,,E,
GME00125218,18650405,TMAX,84,,,E,
GME00127462,18650405,TMAX,78,,,E,
ITE00100550,18650405,TMAX,183,,,E,
ITE00100554,18650405,TMAX,170,,,E,
SWE00139148,18650405,TMAX,48,,,E,
SZ000006717,18650405,TMAX,20,,,G,
UK000047811,18650405,TMAX,150,,,E,
UK000056225,18650405,TMAX,152,,,E,
AGE00135039,18650406,TMAX,135,,,E,
ASN00066062,18650406,TMAX,258,,,a,
ASN00086071,18650406,TMAX,344,,,a,
ASN00090015,18650406,TMAX,322,,,a,
AU000005901,18650406,TMAX,121,,,E,
BE000006447,18650406,TMAX,158,,,I,
CA006148100,18650406,TMAX,178,,,C,
CA006158350,18650406,TMAX,156,,,C,
EIE00101859,18650406,TMAX,133,,,E,
EZE00100082,18650406,TMAX,117,,,E,
GM000004204,18650406,TMAX,103,,,E,
GME00125218,18650406,TMAX,106,,,E,
GME00127462,18650406,TMAX,50,,,E,
ITE00100550,18650406,TMAX,209,,,E,
ITE00100554,18650406,TMAX,197,,,E,
SWE00139148,18650406,TMAX,72,,,E,
SZ000006717,18650406,TMAX,45,,,G,
UK000047811,18650406,TMAX,139,,,E,
UK000056225,18650406,TMAX,162,,,E,
AGE00135039,18650407,TMAX,140,,,E,
ASN00066062,18650407,TMAX,267,,,a,
ASN00086071,18650407,TMAX,339,,,a,
ASN00090015,18650407,TMAX,239,,,a,
AU000005901,18650407,TMAX,135,,,E,
BE000006447,18650407,TMAX,155,,,I,
CA006148100,18650407,TMAX,111,,,C,
CA006158350,18650407,TMAX,89,,,C,
EIE00101859,18650407,TMAX,139,,,E,
EZE00100082,18650407,TMAX,122,,,E,
GM000004204,18650407,TMAX,143,,,E,
GME00125218,18650407,TMAX,133,,,E,
GME00127462,18650407,TMAX,124,,,E,
ITE00100550,18650407,TMAX,185,,,E,
ITE00100554,18650407,TMAX,200,,,E,
SWE00139148,18650407,TMAX,62,,,E,
SZ000006717,18650407,TMAX,39,,,G,
UK000047811,18650407,TMAX,150,,,E,
UK000056225,18650407,TMAX,194,,,E,
AGE00135039,18650408,TMAX,140,,,E,
ASN00066062,18650408,TMAX,237,,,a,
ASN00086071,18650408,TMAX,294,,,a,
ASN00090015,18650408,TMAX,200,,,a,
AU000005901,18650408,TMAX,141,,,E,
BE000006447,18650408,TMAX,179,,,I,
CA006148100,18650408,TMAX,11,,,C,
CA006158350,18650408,TMAX,33,,,C,
EIE00101859,18650408,TMAX,156,,,E,
EZE00100082,18650408,TMAX,141,,,E,
GM000004204,18650408,TMAX,163,,,E,
GME00125218,18650408,TMAX,148,,,E,
GME00127462,18650408,TMAX,79,,,E,
ITE00100550,18650408,TMAX,163,,,E,
ITE00100554,18650408,TMAX,197,,,E,
SWE00139148,18650408,TMAX,102,,,E,
SZ000006717,18650408,TMAX,22,,,G,
UK000047811,18650408,TMAX,156,,,E,
UK000056225,18650408,TMAX,212,,,E,
ASN00066062,18650409,TMAX,183,,,a,
ASN00086071,18650409,TMAX,177,,,a,
ASN00090015,18650409,TMAX,156,,,a,
AU000005901,18650409,TMAX,180,,,E,
BE000006447,18650409,TMAX,193,,,I,
CA006158350,18650409,TMAX,28,,,C,
EIE00101859,18650409,TMAX,167,,,E,
EZE00100082,18650409,TMAX,143,,,E,
GM000004204,18650409,TMAX,173,,,E,
GME00125218,18650409,TMAX,164,,,E,
GME00127462,18650409,TMAX,143,,,E,
ITE00100550,18650409,TMAX,184,,,E,
ITE00100554,18650409,TMAX,195,,,E,
SWE00139148,18650409,TMAX,97,,,E,
SZ000006717,18650409,TMAX,41,,,G,
UK000047811,18650409,TMAX,144,,,E,
UK000056225,18650409,TMAX,196,,,E,
AGE00135039,18650410,TMAX,145,,,E,
ASN00066062,18650410,TMAX,222,,,a,
ASN00086071,18650410,TMAX,200,,,a,
ASN00090015,18650410,TMAX,172,,,a,
AU000005901,18650410,TMAX,198,,,E,
BE000006447,18650410,TMAX,207,,,I,
CA006148100,18650410,TMAX,56,,,C,
CA006158350,18650410,TMAX,50,,,C,
EIE00101859,18650410,TMAX,172,,,E,
EZE00100082,18650410,TMAX,177,,,E,
GM000004204,18650410,TMAX,191,,,E,
GME00125218,18650410,TMAX,183,,,E,
GME00127462,18650410,TMAX,95,,,E,
ITE00100550,18650410,TMAX,224,,,E,
ITE00100554,18650410,TMAX,209,,,E,
SWE00139148,18650410,TMAX,66,,,E,
SZ000006717,18650410,TMAX,77,,,G,
UK000047811,18650410,TMAX,172,,,E,
UK000056225,18650410,TMAX,190,,,E,
AGE00135039,18650411,TMAX,180,,,E,
ASN00066062,18650411,TMAX,278,,,a,
ASN00086071,18650411,TMAX,198,,,a,
ASN00090015,18650411,TMAX,183,,,a,
AU000005901,18650411,TMAX,159,,,E,
BE000006447,18650411,TMAX,144,,,I,
CA006148100,18650411,TMAX,61,,,C,
CA006158350,18650411,TMAX,78,,,C,
EIE00101859,18650411,TMAX,183,,,E,
EZE00100082,18650411,TMAX,127,,,E,
GM000004204,18650411,TMAX,125,,,E,
GME00125218,18650411,TMAX,138,,,E,
GME00127462,18650411,TMAX,80,,,E,
ITE00100550,18650411,TMAX,234,,,E,
ITE00100554,18650411,TMAX,242,,,E,
SWE00139148,18650411,TMAX,104,,,E,
SZ000006717,18650411,TMAX,67,,,G,
UK000047811,18650411,TMAX,144,,,E,
UK000056225,18650411,TMAX,190,,,E,
AGE00135039,18650412,TMAX,175,,,E,
ASN00066062,18650412,TMAX,264,,,a,
ASN00086071,18650412,TMAX,167,,,a,
ASN00090015,18650412,TMAX,167,,,a,
AU000005901,18650412,TMAX,163,,,E,
BE000006447,18650412,TMAX,185,,,I,
CA006148100,18650412,TMAX,122,,,C,
CA006158350,18650412,TMAX,133,,,C,
EIE00101859,18650412,TMAX,194,,,E,
EZE00100082,18650412,TMAX,154,,,E,
GM000004204,18650412,TMAX,173,,,E,
GME00125218,18650412,TMAX,144,,,E,
GME00127462,18650412,TMAX,116,,,E,
ITE00100550,18650412,TMAX,245,,,E,
ITE00100554,18650412,TMAX,224,,,E,
SWE00139148,18650412,TMAX,132,,,E,
SZ000006717,18650412,TMAX,47,,,G,
UK000047811,18650412,TMAX,156,,,E,
UK000056225,18650412,TMAX,186,,,E,
AGE00135039,18650413,TMAX,195,,,E,
ASN00066062,18650413,TMAX,206,,,a,
ASN00086071,18650413,TMAX,187,,,a,
ASN00090015,18650413,TMAX,161,,,a,
AU000005901,18650413,TMAX,214,,,E,
BE000006447,18650413,TMAX,198,,,I,
CA006148100,18650413,TMAX,89,,,C,
CA006158350,18650413,TMAX,89,,,C,
EIE00101859,18650413,TMAX,189,,,E,
EZE00100082,18650413,TMAX,202,,,E,
GM000004204,18650413,TMAX,200,,,E,
GME00125218,18650413,TMAX,195,,,E,
GME00127462,18650413,TMAX,114,,,E,
ITE00100550,18650413,TMAX,234,,,E,
ITE00100554,18650413,TMAX,230,,,E,
SWE00139148,18650413,TMAX,110,,,E,
SZ000006717,18650413,TMAX,33,,,G,
UK000047811,18650413,TMAX,117,,,E,
UK000056225,18650413,TMAX,134,,,E,
AGE00135039,18650414,TMAX,205,,,E,
ASN00066062,18650414,TMAX,226,,,a,
ASN00086071,18650414,TMAX,263,,,a,
ASN00090015,18650414,TMAX,194,,,a,
AU000005901,18650414,TMAX,223,,,E,
BE000006447,18650414,TMAX,195,,,I,
CA006148100,18650414,TMAX,150,,,C,
CA006158350,18650414,TMAX,144,,,C,
EIE00101859,18650414,TMAX,200,,,E,
EZE00100082,18650414,TMAX,233,,,E,
GM000004204,18650414,TMAX,210,,,E,
GME00125218,18650414,TMAX,195,,,E,
GME00127462,18650414,TMAX,140,,,E,
ITE00100550,18650414,TMAX,219,,,E,
ITE00100554,18650414,TMAX,213,,,E,
SWE00139148,18650414,TMAX,55,,,E,
SZ000006717,18650414,TMAX,0,,,G,
UK000047811,18650414,TMAX,133,,,E,
UK000056225,18650414,TMAX,129,,,E,
AGE00135039,18650415,TMAX,190,,,E,
ASN00066062,18650415,TMAX,298,,,a,
ASN00086071,18650415,TMAX,194,,,a,
ASN00090015,18650415,TMAX,211,,,a,
AU000005901,18650415,TMAX,240,,,E,
BE000006447,18650415,TMAX,209,,,I,
CA006148100,18650415,TMAX,144,,,C,
CA006158350,18650415,TMAX,139,,,C,
EIE00101859,18650415,TMAX,206,,,E,
EZE00100082,18650415,TMAX,185,,,E,
GM000004204,18650415,TMAX,150,,,E,
GME00125218,18650415,TMAX,141,,,E,
GME00127462,18650415,TMAX,116,,,E,
ITE00100550,18650415,TMAX,205,,,E,
ITE00100554,18650415,TMAX,198,,,E,
SWE00139148,18650415,TMAX,114,,,E,
SZ000006717,18650415,TMAX,9,,,G,
UK000047811,18650415,TMAX,172,,,E,
UK000056225,18650415,TMAX,198,,,E,
ASN00066062,18650416,TMAX,243,,,a,
ASN00086071,18650416,TMAX,222,,,a,
ASN00090015,18650416,TMAX,211,,,a,
AU000005901,18650416,TMAX,189,,,E,
BE000006447,18650416,TMAX,224,,,I,
CA006158350,18650416,TMAX,72,,,C,
EIE00101859,18650416,TMAX,194,,,E,
EZE00100082,18650416,TMAX,162,,,E,
GM000004204,18650416,TMAX,175,,,E,
GME00125218,18650416,TMAX,129,,,E,
GME00127462,18650416,TMAX,115,,,E,
ITE00100550,18650416,TMAX,238,,,E,
ITE00100554,18650416,TMAX,246,,,E,
SWE00139148,18650416,TMAX,122,,,E,
SZ000006717,18650416,TMAX,59,,,G,
UK000047811,18650416,TMAX,150,,,E,
UK000056225,18650416,TMAX,196,,,E,
ASN00066062,18650417,TMAX,244,,,a,
ASN00086071,18650417,TMAX,243,,,a,
ASN00090015,18650417,TMAX,200,,,a,
AU000005901,18650417,TMAX,184,,,E,
BE000006447,18650417,TMAX,247,,,I,
CA006148100,18650417,TMAX,106,,,C,
CA006158350,18650417,TMAX,72,,,C,
EIE00101859,18650417,TMAX,161,,,E,
EZE00100082,18650417,TMAX,175,,,E,
GM000004204,18650417,TMAX,186,,,E,
GME00125218,18650417,TMAX,164,,,E,
GME00127462,18650417,TMAX,130,,,E,
ITE00100550,18650417,TMAX,224,,,E,
ITE00100554,18650417,TMAX,257,,,E,
SWE00139148,18650417,TMAX,127,,,E,
SZ000006717,18650417,TMAX,49,,,G,
UK000047811,18650417,TMAX,111,,,E,
UK000056225,18650417,TMAX,191,,,E,
AGE00135039,18650418,TMAX,205,,,E,
ASN00066062,18650418,TMAX,244,,,a,
ASN00086071,18650418,TMAX,208,,,a,
ASN00090015,18650418,TMAX,206,,,a,
AU000005901,18650418,TMAX,184,,,E,
BE000006447,18650418,TMAX,230,,,I,
CA006148100,18650418,TMAX,150,,,C,
CA006158350,18650418,TMAX,172,,,C,
EIE00101859,18650418,TMAX,122,,,E,
EZE00100082,18650418,TMAX,189,,,E,
GM000004204,18650418,TMAX,216,,,E,
GME00125218,18650418,TMAX,195,,,E,
GME00127462,18650418,TMAX,144,,,E,
ITE00100550,18650418,TMAX,223,,,E,
ITE00100554,18650418,TMAX,253,,,E,
SWE00139148,18650418,TMAX,122,,,E,
SZ000006717,18650418,TMAX,28,,,G,
UK000047811,18650418,TMAX,100,,,E,
UK000056225,18650418,TMAX,111,,I,E,
AGE00135039,18650419,TMAX,205,,,E,
ASN00066062,18650419,TMAX,228,,,a,
ASN00086071,18650419,TMAX,299,,,a,
ASN00090015,18650419,TMAX,244,,,a,
AU000005901,18650419,TMAX,195,,,E,
BE000006447,18650419,TMAX,227,,,I,
CA006148100,18650419,TMAX,150,,,C,
CA006158350,18650419,TMAX,89,,,C,
EIE00101859,18650419,TMAX,144,,,E,
EZE00100082,18650419,TMAX,199,,,E,
GM000004204,18650419,TMAX,214,,,E,
GME00125218,18650419,TMAX,185,,,E,
GME00127462,18650419,TMAX,85,,,E,
ITE00100550,18650419,TMAX,243,,,E,
ITE00100554,18650419,TMAX,254,,,E,
SWE00139148,18650419,TMAX,102,,,E,
SZ000006717,18650419,TMAX,22,,,G,
UK000047811,18650419,TMAX,139,,,E,
UK000056225,18650419,TMAX,161,,,E,
AGE00135039,18650420,TMAX,215,,,E,
ASN00066062,18650420,TMAX,248,,,a,
ASN00086071,18650420,TMAX,249,,,a,
ASN00090015,18650420,TMAX,178,,,a,
AU000005901,18650420,TMAX,200,,,E,
BE000006447,18650420,TMAX,230,,,I,
CA006148100,18650420,TMAX,61,,,C,
CA006158350,18650420,TMAX,61,,,C,
EIE00101859,18650420,TMAX,167,,,E,
EZE00100082,18650420,TMAX,206,,,E,
GM000004204,18650420,TMAX,208,,,E,
GME00125218,18650420,TMAX,189,,,E,
GME00127462,18650420,TMAX,106,,,E,
ITE00100550,18650420,TMAX,219,,,E,
ITE00100554,18650420,TMAX,256,,,E,
SWE00139148,18650420,TMAX,137,,,E,
SZ000006717,18650420,TMAX,58,,,G,
UK000047811,18650420,TMAX,161,,,E,
UK000056225,18650420,TMAX,191,,,E,
AGE00135039,18650421,TMAX,205,,,E,
ASN00066062,18650421,TMAX,202,,,a,
ASN00086071,18650421,TMAX,194,,,a,
ASN00090015,18650421,TMAX,178,,,a,
AU000005901,18650421,TMAX,190,,,E,
BE000006447,18650421,TMAX,235,,,I,
CA006148100,18650421,TMAX,200,,,C,
CA006158350,18650421,TMAX,139,,,C,
EIE00101859,18650421,TMAX,194,,,E,
EZE00100082,18650421,TMAX,185,,,E,
GM000004204,18650421,TMAX,196,,,E,
GME00125218,18650421,TMAX,178,,,E,
GME00127462,18650421,TMAX,131,,,E,
ITE00100550,18650421,TMAX,235,,,E,
ITE00100554,18650421,TMAX,260,,,E,
SWE00139148,18650421,TMAX,202,,,E,
SZ000006717,18650421,TMAX,35,,,G,
UK000047811,18650421,TMAX,183,,,E,
UK000056225,18650421,TMAX,219,,,E,
AGE00135039,18650422,TMAX,200,,,E,
ASN00066062,18650422,TMAX,228,,,a,
ASN00086071,18650422,TMAX,161,,,a,
ASN00090015,18650422,TMAX,167,,,a,
AU000005901,18650422,TMAX,159,,,E,
BE000006447,18650422,TMAX,231,,,I,
CA006148100,18650422,TMAX,189,,,C,
CA006158350,18650422,TMAX,94,,,C,
EIE00101859,18650422,TMAX,211,,,E,
EZE00100082,18650422,TMAX,176,,,E,
GM000004204,18650422,TMAX,205,,,E,
GME00125218,18650422,TMAX,180,,,E,
GME00127462,18650422,TMAX,154,,,E,
ITE00100550,18650422,TMAX,196,,,E,
ITE00100554,18650422,TMAX,207,,,E,
SWE00139148,18650422,TMAX,200,,,E,
SZ000006717,18650422,TMAX,32,,,G,
UK000047811,18650422,TMAX,183,,,E,
UK000056225,18650422,TMAX,211,,,E,
ASN00066062,18650423,TMAX,179,,,a,
ASN00086071,18650423,TMAX,211,,,a,
ASN00090015,18650423,TMAX,161,,,a,
AU000005901,18650423,TMAX,190,,,E,
BE000006447,18650423,TMAX,240,,,I,
CA006158350,18650423,TMAX,72,,,C,
EIE00101859,18650423,TMAX,217,,,E,
EZE00100082,18650423,TMAX,191,,,E,
GM000004204,18650423,TMAX,201,,,E,
GME00125218,18650423,TMAX,183,,,E,
GME00127462,18650423,TMAX,151,,,E,
ITE00100550,18650423,TMAX,218,,,E,
ITE00100554,18650423,TMAX,218,,,E,
SWE00139148,18650423,TMAX,142,,,E,
SZ000006717,18650423,TMAX,80,,,G,
UK000047811,18650423,TMAX,194,,,E,
UK000056225,18650423,TMAX,173,,,E,
AGE00135039,18650424,TMAX,200,,,E,
ASN00066062,18650424,TMAX,201,,,a,
ASN00086071,18650424,TMAX,219,,,a,
ASN00090015,18650424,TMAX,189,,,a,
AU000005901,18650424,TMAX,218,,,E,
BE000006447,18650424,TMAX,234,,,I,
CA006148100,18650424,TMAX,128,,,C,
CA006158350,18650424,TMAX,111,,,C,
EIE00101859,18650424,TMAX,222,,,E,
EZE00100082,18650424,TMAX,198,,,E,
GM000004204,18650424,TMAX,214,,,E,
GME00125218,18650424,TMAX,199,,,E,
GME00127462,18650424,TMAX,140,,,E,
ITE00100550,18650424,TMAX,250,,,E,
ITE00100554,18650424,TMAX,254,,,E,
SWE00139148,18650424,TMAX,127,,,E,
SZ000006717,18650424,TMAX,80,,,G,
UK000047811,18650424,TMAX,194,,,E,
UK000056225,18650424,TMAX,191,,,E,
AGE00135039,18650425,TMAX,190,,,E,
ASN00066062,18650425,TMAX,212,,,a,
ASN00086071,18650425,TMAX,255,,,a,
ASN00090015,18650425,TMAX,200,,,a,
AU000005901,18650425,TMAX,231,,,E,
BE000006447,18650425,TMAX,194,,,I,
CA006148100,18650425,TMAX,194,,,C,
CA006158350,18650425,TMAX,122,,,C,
EIE00101859,18650425,TMAX,228,,,E,
EZE00100082,18650425,TMAX,233,,,E,
GM000004204,18650425,TMAX,218,,,E,
GME00125218,18650425,TMAX,204,,,E,
GME00127462,18650425,TMAX,173,,,E,
ITE00100550,18650425,TMAX,261,,,E,
ITE00100554,18650425,TMAX,273,,,E,
SWE00139148,18650425,TMAX,128,,,E,
SZ000006717,18650425,TMAX,94,,,G,
UK000047811,18650425,TMAX,183,,,E,
UK000056225,18650425,TMAX,216,,,E,
AGE00135039,18650426,TMAX,185,,,E,
ASN00066062,18650426,TMAX,261,,,a,
ASN00086071,18650426,TMAX,212,,,a,
ASN00090015,18650426,TMAX,217,,,a,
AU000005901,18650426,TMAX,246,,,E,
BE000006447,18650426,TMAX,201,,,I,
CA006148100,18650426,TMAX,183,,,C,
CA006158350,18650426,TMAX,156,,,C,
EIE00101859,18650426,TMAX,233,,,E,
EZE00100082,18650426,TMAX,184,,,E,
GM000004204,18650426,TMAX,199,,,E,
GME00125218,18650426,TMAX,166,,,E,
GME00127462,18650426,TMAX,84,,,E,
ITE00100550,18650426,TMAX,259,,,E,
ITE00100554,18650426,TMAX,266,,,E,
SWE00139148,18650426,TMAX,102,,,E,
SZ000006717,18650426,TMAX,73,,,G,
UK000047811,18650426,TMAX,183,,,E,
UK000056225,18650426,TMAX,236,,,E,
AGE00135039,18650427,TMAX,185,,,E,
ASN00066062,18650427,TMAX,215,,,a,
ASN00086071,18650427,TMAX,239,,,a,
ASN00090015,18650427,TMAX,211,,,a,
AU000005901,18650427,TMAX,190,,,E,
BE000006447,18650427,TMAX,227,,,I,
CA006148100,18650427,TMAX,133,,,C,
CA006158350,18650427,TMAX,139,,,C,
EIE00101859,18650427,TMAX,233,,,E,
EZE00100082,18650427,TMAX,153,,,E,
GM000004204,18650427,TMAX,159,,,E,
GME00125218,18650427,TMAX,131,,,E,
GME00127462,18650427,TMAX,91,,,E,
ITE00100550,18650427,TMAX,254,,,E,
ITE00100554,18650427,TMAX,263,,,E,
SWE00139148,18650427,TMAX,87,,,E,
SZ000006717,18650427,TMAX,100,,,G,
UK000047811,18650427,TMAX,161,,,E,
UK000056225,18650427,TMAX,211,,,E,
AGE00135039,18650428,TMAX,190,,,E,
ASN00066062,18650428,TMAX,221,,,a,
ASN00086071,18650428,TMAX,165,,,a,
ASN00090015,18650428,TMAX,150,,,a,
AU000005901,18650428,TMAX,220,,,E,
BE000006447,18650428,TMAX,194,,,I,
CA006148100,18650428,TMAX,89,,,C,
CA006158350,18650428,TMAX,106,,,C,
EIE00101859,18650428,TMAX,222,,,E,
EZE00100082,18650428,TMAX,171,,,E,
GM000004204,18650428,TMAX,169,,,E,
GME00125218,18650428,TMAX,126,,,E,
GME00127462,18650428,TMAX,73,,,E,
ITE00100550,18650428,TMAX,249,,,E,
ITE00100554,18650428,TMAX,243,,,E,
SWE00139148,18650428,TMAX,72,,,E,
SZ000006717,18650428,TMAX,93,,,G,
UK000047811,18650428,TMAX,122,,,E,
UK000056225,18650428,TMAX,124,,,E,
AGE00135039,18650429,TMAX,218,,,E,
ASN00066062,18650429,TMAX,186,,,a,
ASN00086071,18650429,TMAX,195,,,a,
ASN00090015,18650429,TMAX,183,,,a,
AU000005901,18650429,TMAX,170,,,E,
BE000006447,18650429,TMAX,127,,,I,
CA006148100,18650429,TMAX,72,,,C,
CA006158350,18650429,TMAX,111,,,C,
EIE00101859,18650429,TMAX,211,,,E,
EZE00100082,18650429,TMAX,112,,,E,
GM000004204,18650429,TMAX,126,,,E,
GME00125218,18650429,TMAX,98,,,E,
GME00127462,18650429,TMAX,63,,,E,
ITE00100550,18650429,TMAX,248,,,E,
ITE00100554,18650429,TMAX,238,,,E,
SWE00139148,18650429,TMAX,30,,,E,
SZ000006717,18650429,TMAX,90,,,G,
UK000047811,18650429,TMAX,117,,,E,
UK000056225,18650429,TMAX,133,,,E,
ASN00066062,18650430,TMAX,206,,,a,
ASN00086071,18650430,TMAX,167,,,a,
ASN00090015,18650430,TMAX,172,,,a,
AU000005901,18650430,TMAX,169,,,E,
BE000006447,18650430,TMAX,141,,,I,
CA006158350,18650430,TMAX,100,,,C,
EIE00101859,18650430,TMAX,200,,,E,
EZE00100082,18650430,TMAX,115,,,E,
GM000004204,18650430,TMAX,109,,,E,
GME00125218,18650430,TMAX,83,,,E,
GME00127462,18650430,TMAX,51,,,E,
ITE00100550,18650430,TMAX,209,,,E,
ITE00100554,18650430,TMAX,146,,,E,
SWE00139148,18650430,TMAX,31,,,E,
SZ000006717,18650430,TMAX,62,,,G,
UK000047811,18650430,TMAX,156,,,E,
UK000056225,18650430,TMAX,148,,,E,
AGE00135039,18650501,TMAX,215,,,E,
ASN00066062,18650501,TMAX,198,,,a,
ASN00074128,18650501,TMAX,167,,,a,
ASN00086071,18650501,TMAX,167,,,a,
ASN00090015,18650501,TMAX,183,,,a,
AU000005901,18650501,TMAX,118,,,E,
BE000006447,18650501,TMAX,182,,,I,
CA006148100,18650501,TMAX,94,,,C,
CA006158350,18650501,TMAX,83,,,C,
EIE00101859,18650501,TMAX,167,,,E,
EZE00100082,18650501,TMAX,118,,,E,
GM000004204,18650501,TMAX,135,,,E,
GME00125218,18650501,TMAX,114,,,E,
GME00127462,18650501,TMAX,81,,,E,
ITE00100550,18650501,TMAX,230,,,E,
ITE00100554,18650501,TMAX,226,,,E,
SWE00139148,18650501,TMAX,90,,,E,
SZ000006717,18650501,TMAX,41,,,G,
UK000047811,18650501,TMAX,178,,,E,
UK000056225,18650501,TMAX,163,,,E,
AGE00135039,18650502,TMAX,208,,,E,
ASN00066062,18650502,TMAX,178,,,a,
ASN00074128,18650502,TMAX,172,,,a,
ASN00086071,18650502,TMAX,161,,,a,
ASN00090015,18650502,TMAX,156,,,a,
AU000005901,18650502,TMAX,158,,,E,
BE000006447,18650502,TMAX,213,,,I,
CA006148100,18650502,TMAX,106,,,C,
CA006158350,18650502,TMAX,117,,,C,
EIE00101859,18650502,TMAX,178,,,E,
EZE00100082,18650502,TMAX,175,,,E,
GM000004204,18650502,TMAX,200,,,E,
GME00125218,18650502,TMAX,189,,,E,
GME00127462,18650502,TMAX,144,,,E,
ITE00100550,18650502,TMAX,215,,,E,
ITE00100554,18650502,TMAX,211,,,E,
SWE00139148,18650502,TMAX,137,,,E,
SZ000006717,18650502,TMAX,63,,,G,
UK000047811,18650502,TMAX,156,,,E,
UK000056225,18650502,TMAX,169,,,E,
AGE00135039,18650503,TMAX,200,,,E,
ASN00066062,18650503,TMAX,191,,,a,
ASN00074128,18650503,TMAX,200,,,a,
ASN00086071,18650503,TMAX,169,,,a,
ASN00090015,18650503,TMAX,150,,,a,
AU000005901,18650503,TMAX,208,,,E,
BE000006447,18650503,TMAX,229,,,I,
CA006148100,18650503,TMAX,139,,,C,
CA006158350,18650503,TMAX,133,,,C,
EIE00101859,18650503,TMAX,172,,,E,
EZE00100082,18650503,TMAX,209,,,E,
GM000004204,18650503,TMAX,224,,,E,
GME00125218,18650503,TMAX,220,,,E,
GME00127462,18650503,TMAX,193,,,E,
ITE00100550,18650503,TMAX,246,,,E,
ITE00100554,18650503,TMAX,244,,,E,
SWE00139148,18650503,TMAX,177,,,E,
SZ000006717,18650503,TMAX,69,,,G,
UK000047811,18650503,TMAX,156,,,E,
UK000056225,18650503,TMAX,174,,,E,
AGE00135039,18650504,TMAX,205,,,E,
ASN00066062,18650504,TMAX,178,,,a,
ASN00074128,18650504,TMAX,167,,,a,
ASN00086071,18650504,TMAX,163,,,a,
ASN00090015,18650504,TMAX,156,,,a,
AU000005901,18650504,TMAX,244,,,E,
BE000006447,18650504,TMAX,230,,,I,
CA006148100,18650504,TMAX,161,,,C,
CA006158350,18650504,TMAX,83,,,C,
EIE00101859,18650504,TMAX,189,,,E,
EZE00100082,18650504,TMAX,245,,,E,
GM000004204,18650504,TMAX,248,,,E,
GME00125218,18650504,TMAX,253,,,E,
GME00127462,18650504,TMAX,220,,,E,
ITE00100550,18650504,TMAX,260,,,E,
ITE00100554,18650504,TMAX,263,,,E,
SWE00139148,18650504,TMAX,163,,,E,
SZ000006717,18650504,TMAX,53,,,G,
UK000047811,18650504,TMAX,111,,,E,
UK000056225,18650504,TMAX,220,,,E,
AGE00135039,18650505,TMAX,185,,,E,
ASN00066062,18650505,TMAX,178,,,a,
ASN00074128,18650505,TMAX,133,,,a,
ASN00086071,18650505,TMAX,156,,,a,
ASN00090015,18650505,TMAX,161,,,a,
AU000005901,18650505,TMAX,263,,,E,
BE000006447,18650505,TMAX,237,,,I,
CA006148100,18650505,TMAX,200,,,C,
CA006158350,18650505,TMAX,194,,,C,
EIE00101859,18650505,TMAX,167,,,E,
EZE00100082,18650505,TMAX,250,,,E,
GM000004204,18650505,TMAX,270,,,E,
GME00125218,18650505,TMAX,273,,,E,
GME00127462,18650505,TMAX,191,,,E,
ITE00100550,18650505,TMAX,244,,,E,
ITE00100554,18650505,TMAX,254,,,E,
SWE00139148,18650505,TMAX,183,,,E,
SZ000006717,18650505,TMAX,52,,,G,
UK000047811,18650505,TMAX,139,,,E,
UK000056225,18650505,TMAX,183,,,E,
AGE00135039,18650506,TMAX,235,,,E,
ASN00066062,18650506,TMAX,174,,,a,
ASN00074128,18650506,TMAX,183,,,a,
ASN00086071,18650506,TMAX,156,,,a,
ASN00090015,18650506,TMAX,156,,,a,
AU000005901,18650506,TMAX,266,,,E,
BE000006447,18650506,TMAX,203,,,I,
CA006148100,18650506,TMAX,122,,,C,
CA006158350,18650506,TMAX,117,,,C,
EIE00101859,18650506,TMAX,178,,,E,
EZE00100082,18650506,TMAX,242,,,E,
GM000004204,18650506,TMAX,241,,,E,
GME00125218,18650506,TMAX,248,,,E,
GME00127462,18650506,TMAX,173,,,E,
ITE00100550,18650506,TMAX,240,,,E,
ITE00100554,18650506,TMAX,231,,,E,
SWE00139148,18650506,TMAX,189,,,E,
SZ000006717,18650506,TMAX,40,,,G,
UK000047811,18650506,TMAX,167,,,E,
UK000056225,18650506,TMAX,158,,,E,
ASN00066062,18650507,TMAX,178,,,a,
ASN00086071,18650507,TMAX,204,,,a,
ASN00090015,18650507,TMAX,167,,,a,
AU000005901,18650507,TMAX,243,,,E,
BE000006447,18650507,TMAX,223,,,I,
CA006158350,18650507,TMAX,139,,,C,
EIE00101859,18650507,TMAX,189,,,E,
EZE00100082,18650507,TMAX,194,,,E,
GM000004204,18650507,TMAX,205,,,E,
GME00125218,18650507,TMAX,194,,,E,
GME00127462,18650507,TMAX,115,,,E,
ITE00100550,18650507,TMAX,234,,,E,
ITE00100554,18650507,TMAX,252,,,E,
SWE00139148,18650507,TMAX,150,,,E,
SZ000006717,18650507,TMAX,108,,,G,
UK000047811,18650507,TMAX,161,,,E,
UK000056225,18650507,TMAX,181,,,E,
AGE00135039,18650508,TMAX,215,,,E,
ASN00066062,18650508,TMAX,217,,,a,
ASN00074128,18650508,TMAX,194,,,a,
ASN00086071,18650508,TMAX,211,,,a,
ASN00090015,18650508,TMAX,183,,,a,
AU000005901,18650508,TMAX,258,,,E,
BE000006447,18650508,TMAX,244,,,I,
CA006148100,18650508,TMAX,156,,,C,
CA006158350,18650508,TMAX,161,,,C,
EIE00101859,18650508,TMAX,183,,,E,
EZE00100082,18650508,TMAX,238,,,E,
GM000004204,18650508,TMAX,235,,,E,
GME00125218,18650508,TMAX,210,,,E,
GME00127462,18650508,TMAX,144,,,E,
ITE00100550,18650508,TMAX,234,,,E,
ITE00100554,18650508,TMAX,275,,,E,
SWE00139148,18650508,TMAX,157,,,E,
SZ000006717,18650508,TMAX,83,,,G,
UK000047811,18650508,TMAX,122,,,E,
UK000056225,18650508,TMAX,196,,,E,
AGE00135039,18650509,TMAX,200,,,E,
ASN00066062,18650509,TMAX,187,,,a,
ASN00074128,18650509,TMAX,217,,,a,
ASN00086071,18650509,TMAX,193,,,a,
ASN00090015,18650509,TMAX,144,,,a,
AU000005901,18650509,TMAX,254,,,E,
BE000006447,18650509,TMAX,226,,,I,
CA006148100,18650509,TMAX,156,,,C,
CA006158350,18650509,TMAX,144,,,C,
EIE00101859,18650509,TMAX,156,,,E,
EZE00100082,18650509,TMAX,246,,,E,
GM000004204,18650509,TMAX,260,,,E,
GME00125218,18650509,TMAX,254,,,E,
GME00127462,18650509,TMAX,141,,,E,
ITE00100550,18650509,TMAX,269,,,E,
ITE00100554,18650509,TMAX,268,,,E,
SWE00139148,18650509,TMAX,182,,,E,
SZ000006717,18650509,TMAX,42,,,G,
UK000047811,18650509,TMAX,111,,,E,
UK000056225,18650509,TMAX,96,,,E,
AGE00135039,18650510,TMAX,225,,,E,
ASN00066062,18650510,TMAX,204,,,a,
ASN00074128,18650510,TMAX,183,,,a,
ASN00086071,18650510,TMAX,172,,,a,
ASN00090015,18650510,TMAX,156,,,a,
AU000005901,18650510,TMAX,280,,,E,
BE000006447,18650510,TMAX,208,,,I,
CA006148100,18650510,TMAX,139,,,C,
CA006158350,18650510,TMAX,144,,,C,
EIE00101859,18650510,TMAX,150,,,E,
EZE00100082,18650510,TMAX,260,,,E,
GM000004204,18650510,TMAX,251,,,E,
GME00125218,18650510,TMAX,231,,,E,
GME00127462,18650510,TMAX,178,,,E,
ITE00100550,18650510,TMAX,250,,,E,
ITE00100554,18650510,TMAX,254,,,E,
SWE00139148,18650510,TMAX,163,,,E,
SZ000006717,18650510,TMAX,22,,,G,
UK000047811,18650510,TMAX,122,,,E,
UK000056225,18650510,TMAX,102,,,E,
AGE00135039,18650511,TMAX,200,,,E,
ASN00066062,18650511,TMAX,191,,,a,
ASN00074128,18650511,TMAX,183,,,a,
ASN00086071,18650511,TMAX,182,,,a,
ASN00090015,18650511,TMAX,183,,,a,
AU000005901,18650511,TMAX,246,,,E,
BE000006447,18650511,TMAX,171,,,I,
CA006148100,18650511,TMAX,78,,,C,
CA006158350,18650511,TMAX,83,,,C,
EIE00101859,18650511,TMAX,133,,,E,
EZE00100082,18650511,TMAX,216,,,E,
GM000004204,18650511,TMAX,210,,,E,
GME00125218,18650511,TMAX,211,,,E,
GME00127462,18650511,TMAX,180,,,E,
ITE00100550,18650511,TMAX,244,,,E,
ITE00100554,18650511,TMAX,252,,,E,
SWE00139148,18650511,TMAX,185,,,E,
SZ000006717,18650511,TMAX,10,,,G,
UK000047811,18650511,TMAX,100,,,E,
UK000056225,18650511,TMAX,141,,,E,
AGE00135039,18650512,TMAX,195,,,E,
ASN00066062,18650512,TMAX,211,,,a,
ASN00074128,18650512,TMAX,172,,,a,
ASN00086071,18650512,TMAX,193,,,a,
ASN00090015,18650512,TMAX,189,,,a,
AU000005901,18650512,TMAX,218,,,E,
BE000006447,18650512,TMAX,177,,,I,
CA006148100,18650512,TMAX,122,,,C,
CA006158350,18650512,TMAX,117,,,C,
EIE00101859,18650512,TMAX,144,,,E,
EZE00100082,18650512,TMAX,198,,,E,
GM000004204,18650512,TMAX,190,,,E,
GME00125218,18650512,TMAX,188,,,E,
GME00127462,18650512,TMAX,133,,,E,
ITE00100550,18650512,TMAX,225,,,E,
ITE00100554,18650512,TMAX,231,,,E,
SWE00139148,18650512,TMAX,117,,,E,
SZ000006717,18650512,TMAX,36,,,G,
UK000047811,18650512,TMAX,144,,,E,
UK000056225,18650512,TMAX,158,,,E,
AGE00135039,18650513,TMAX,190,,,E,
ASN00066062,18650513,TMAX,198,,,a,
ASN00074128,18650513,TMAX,217,,,a,
ASN00086071,18650513,TMAX,133,,,a,
ASN00090015,18650513,TMAX,128,,,a,
AU000005901,18650513,TMAX,241,,,E,
BE000006447,18650513,TMAX,203,,,I,
CA006148100,18650513,TMAX,122,,,C,
CA006158350,18650513,TMAX,144,,,C,
EIE00101859,18650513,TMAX,150,,,E,
EZE00100082,18650513,TMAX,206,,,E,
GM000004204,18650513,TMAX,213,,,E,
GME00125218,18650513,TMAX,179,,,E,
GME00127462,18650513,TMAX,153,,,E,
ITE00100550,18650513,TMAX,169,,,E,
ITE00100554,18650513,TMAX,207,,,E,
SWE00139148,18650513,TMAX,203,,,E,
SZ000006717,18650513,TMAX,48,,,G,
UK000047811,18650513,TMAX,133,,,E,
UK000056225,18650513,TMAX,163,,,E,
ASN00066062,18650514,TMAX,188,,,a,
ASN00086071,18650514,TMAX,129,,,a,
ASN00090015,18650514,TMAX,128,,,a,
AU000005901,18650514,TMAX,258,,,E,
BE000006447,18650514,TMAX,211,,,I,
CA006158350,18650514,TMAX,117,,,C,
EIE00101859,18650514,TMAX,161,,,E,
EZE00100082,18650514,TMAX,236,,,E,
GM000004204,18650514,TMAX,244,,,E,
GME00125218,18650514,TMAX,235,,,E,
GME00127462,18650514,TMAX,184,,,E,
ITE00100550,18650514,TMAX,260,,,E,
ITE00100554,18650514,TMAX,235,,,E,
SWE00139148,18650514,TMAX,202,,,E,
SZ000006717,18650514,TMAX,68,,,G,
UK000047811,18650514,TMAX,133,,,E,
UK000056225,18650514,TMAX,158,,,E,
AGE00135039,18650515,TMAX,200,,,E,
ASN00066062,18650515,TMAX,188,,,a,
ASN00074128,18650515,TMAX,194,,,a,
ASN00086071,18650515,TMAX,130,,,a,
ASN00090015,18650515,TMAX,128,,,a,
AU000005901,18650515,TMAX,285,,,E,
BE000006447,18650515,TMAX,200,,,I,
CA006148100,18650515,TMAX,217,,,C,
CA006158350,18650515,TMAX,167,,,C,
EIE00101859,18650515,TMAX,156,,,E,
EZE00100082,18650515,TMAX,278,,,E,
GM000004204,18650515,TMAX,255,,,E,
GME00125218,18650515,TMAX,253,,,E,
GME00127462,18650515,TMAX,230,,,E,
ITE00100550,18650515,TMAX,248,,,E,
ITE00100554,18650515,TMAX,196,,,E,
SWE00139148,18650515,TMAX,192,,,E,
SZ000006717,18650515,TMAX,36,,,G,
UK000047811,18650515,TMAX,133,,,E,
UK000056225,18650515,TMAX,154,,,E,
AGE00135039,18650516,TMAX,190,,,E,
ASN00066062,18650516,TMAX,161,,,a,
ASN00074128,18650516,TMAX,172,,,a,
ASN00086071,18650516,TMAX,129,,,a,
ASN00090015,18650516,TMAX,144,,,a,
AU000005901,18650516,TMAX,255,,,E,
BE000006447,18650516,TMAX,180,,,I,
CA006148100,18650516,TMAX,261,,,C,
CA006158350,18650516,TMAX,228,,,C,
EIE00101859,18650516,TMAX,144,,,E,
EZE00100082,18650516,TMAX,187,,,E,
GM000004204,18650516,TMAX,175,,,E,
GME00125218,18650516,TMAX,169,,,E,
GME00127462,18650516,TMAX,159,,,E,
ITE00100550,18650516,TMAX,234,,,E,
ITE00100554,18650516,TMAX,247,,,E,
SWE00139148,18650516,TMAX,242,,,E,
SZ000006717,18650516,TMAX,40,,,G,
UK000047811,18650516,TMAX,144,,,E,
UK000056225,18650516,TMAX,172,,,E,
AGE00135039,18650517,TMAX,180,,,E,
ASN00066062,18650517,TMAX,161,,,a,
ASN00074128,18650517,TMAX,156,,,a,
ASN00086071,18650517,TMAX,137,,,a,
ASN00090015,18650517,TMAX,144,,,a,
AU000005901,18650517,TMAX,191,,,E,
BE000006447,18650517,TMAX,203,,,I,
CA006148100,18650517,TMAX,272,,,C,
CA006158350,18650517,TMAX,233,,,C,
EIE00101859,18650517,TMAX,156,,,E,
EZE00100082,18650517,TMAX,172,,,E,
GM000004204,18650517,TMAX,199,,,E,
GME00125218,18650517,TMAX,164,,,E,
GME00127462,18650517,TMAX,155,,,E,
ITE00100550,18650517,TMAX,275,,,E,
ITE00100554,18650517,TMAX,257,,,E,
SWE00139148,18650517,TMAX,192,,,E,
SZ000006717,18650517,TMAX,88,,,G,
UK000047811,18650517,TMAX,167,,,E,
UK000056225,18650517,TMAX,168,,,E,
AGE00135039,18650518,TMAX,195,,,E,
ASN00066062,18650518,TMAX,156,,,a,
ASN00074128,18650518,TMAX,122,,,a,
ASN00086071,18650518,TMAX,137,,,a,
ASN00090015,18650518,TMAX,156,,,a,
AU000005901,18650518,TMAX,213,,,E,
BE000006447,18650518,TMAX,205,,,I,
CA006148100,18650518,TMAX,167,,,C,
CA006158350,18650518,TMAX,122,,,C,
EIE00101859,18650518,TMAX,144,,,E,
EZE00100082,18650518,TMAX,194,,,E,
GM000004204,18650518,TMAX,198,,,E,
GME00125218,18650518,TMAX,190,,,E,
GME00127462,18650518,TMAX,185,,,E,
ITE00100550,18650518,TMAX,225,,,E,
ITE00100554,18650518,TMAX,261,,,E,
SWE00139148,18650518,TMAX,217,,,E,
SZ000006717,18650518,TMAX,12,,,G,
UK000047811,18650518,TMAX,156,,,E,
UK000056225,18650518,TMAX,191,,,E,
AGE00135039,18650519,TMAX,205,,,E,
ASN00066062,18650519,TMAX,158,,,a,
ASN00074128,18650519,TMAX,150,,,a,
ASN00086071,18650519,TMAX,137,,,a,
ASN00090015,18650519,TMAX,150,,,a,
AU000005901,18650519,TMAX,184,,,E,
BE000006447,18650519,TMAX,208,,,I,
CA006148100,18650519,TMAX,206,,,C,
CA006158350,18650519,TMAX,156,,,C,
EIE00101859,18650519,TMAX,161,,,E,
EZE00100082,18650519,TMAX,174,,,E,
GM000004204,18650519,TMAX,179,,,E,
GME00125218,18650519,TMAX,176,,,E,
GME00127462,18650519,TMAX,198,,,E,
ITE00100550,18650519,TMAX,181,,,E,
ITE00100554,18650519,TMAX,207,,,E,
SWE00139148,18650519,TMAX,231,,,E,
SZ000006717,18650519,TMAX,17,,,G,
UK000047811,18650519,TMAX,178,,,E,
UK000056225,18650519,TMAX,219,,,E,
AGE00135039,18650520,TMAX,197,,,E,
ASN00066062,18650520,TMAX,166,,,a,
ASN00074128,18650520,TMAX,167,,,a,
ASN00086071,18650520,TMAX,144,,,a,
ASN00090015,18650520,TMAX,156,,,a,
AU000005901,18650520,TMAX,255,,,E,
BE000006447,18650520,TMAX,234,,,I,
CA006148100,18650520,TMAX,222,,,C,
CA006158350,18650520,TMAX,217,,,C,
EIE00101859,18650520,TMAX,178,,,E,
EZE00100082,18650520,TMAX,254,,,E,
GM000004204,18650520,TMAX,255,,,E,
GME00125218,18650520,TMAX,223,,,E,
GME00127462,18650520,TMAX,198,,,E,
ITE00100550,18650520,TMAX,196,,,E,
ITE00100554,18650520,TMAX,172,,,E,
SWE00139148,18650520,TMAX,250,,,E,
SZ000006717,18650520,TMAX,38,,,G,
UK000047811,18650520,TMAX,206,,,E,
UK000056225,18650520,TMAX,258,,,E,
ASN00066062,18650521,TMAX,184,,,a,
ASN00086071,18650521,TMAX,139,,,a,
ASN00090015,18650521,TMAX,172,,,a,
AU000005901,18650521,TMAX,261,,,E,
BE000006447,18650521,TMAX,253,,,I,
CA006158350,18650521,TMAX,206,,,C,
EIE00101859,18650521,TMAX,189,,,E,
EZE00100082,18650521,TMAX,264,,,E,
GM000004204,18650521,TMAX,268,,,E,
GME00125218,18650521,TMAX,271,,,E,
GME00127462,18650521,TMAX,238,,,E,
ITE00100550,18650521,TMAX,223,,,E,
ITE00100554,18650521,TMAX,180,,,E,
SWE00139148,18650521,TMAX,282,,,E,
SZ000006717,18650521,TMAX,21,,,G,
UK000047811,18650521,TMAX,217,,,E,
UK000056225,18650521,TMAX,234,,,E,
AGE00135039,18650522,TMAX,200,,,E,
ASN00066062,18650522,TMAX,178,,,a,
ASN00074128,18650522,TMAX,194,,,a,
ASN00086071,18650522,TMAX,133,,,a,
ASN00090015,18650522,TMAX,167,,,a,
AU000005901,18650522,TMAX,280,,,E,
BE000006447,18650522,TMAX,244,,,I,
CA006148100,18650522,TMAX,217,,,C,
CA006158350,18650522,TMAX,178,,,C,
EIE00101859,18650522,TMAX,211,,,E,
EZE00100082,18650522,TMAX,280,,,E,
GM000004204,18650522,TMAX,278,,,E,
GME00125218,18650522,TMAX,293,,,E,
GME00127462,18650522,TMAX,261,,,E,
ITE00100550,18650522,TMAX,284,,,E,
ITE00100554,18650522,TMAX,263,,,E,
SWE00139148,18650522,TMAX,222,,,E,
SZ000006717,18650522,TMAX,22,,,G,
UK000047811,18650522,TMAX,222,,,E,
UK000056225,18650522,TMAX,234,,,E,
AGE00135039,18650523,TMAX,200,,,E,
ASN00066062,18650523,TMAX,148,,,a,
ASN00074128,18650523,TMAX,194,,,a,
ASN00086071,18650523,TMAX,100,,,a,
ASN00090015,18650523,TMAX,172,,,a,
AU000005901,18650523,TMAX,296,,,E,
BE000006447,18650523,TMAX,266,,,I,
CA006148100,18650523,TMAX,139,,,C,
CA006158350,18650523,TMAX,150,,,C,
EIE00101859,18650523,TMAX,217,,,E,
EZE00100082,18650523,TMAX,290,,,E,
GM000004204,18650523,TMAX,269,,,E,
GME00125218,18650523,TMAX,285,,,E,
GME00127462,18650523,TMAX,283,,,E,
ITE00100550,18650523,TMAX,246,,,E,
ITE00100554,18650523,TMAX,267,,,E,
SWE00139148,18650523,TMAX,252,,,E,
SZ000006717,18650523,TMAX,62,,,G,
UK000047811,18650523,TMAX,222,,,E,
UK000056225,18650523,TMAX,199,,,E,
AGE00135039,18650524,TMAX,200,,,E,
ASN00066062,18650524,TMAX,167,,,a,
ASN00074128,18650524,TMAX,194,,,a,
ASN00086071,18650524,TMAX,117,,,a,
ASN00090015,18650524,TMAX,200,,,a,
AU000005901,18650524,TMAX,313,,,E,
BE000006447,18650524,TMAX,201,,,I,
CA006148100,18650524,TMAX,122,,,C,
CA006158350,18650524,TMAX,144,,,C,
EIE00101859,18650524,TMAX,222,,,E,
EZE00100082,18650524,TMAX,301,,,E,
GM000004204,18650524,TMAX,259,,,E,
GME00125218,18650524,TMAX,288,,,E,
GME00127462,18650524,TMAX,250,,,E,
ITE00100550,18650524,TMAX,241,,,E,
ITE00100554,18650524,TMAX,216,,,E,
SWE00139148,18650524,TMAX,269,,,E,
SZ000006717,18650524,TMAX,18,,,G,
UK000047811,18650524,TMAX,189,,,E,
UK000056225,18650524,TMAX,213,,,E,
ASN00066062,18650525,TMAX,171,,,a,
ASN00074128,18650525,TMAX,194,,,a,
ASN00086071,18650525,TMAX,183,,,a,
ASN00090015,18650525,TMAX,183,,,a,
AU000005901,18650525,TMAX,238,,,E,
BE000006447,18650525,TMAX,213,,,I,
CA006148100,18650525,TMAX,189,,,C,
CA006158350,18650525,TMAX,178,,,C,
EIE00101859,18650525,TMAX,200,,,E,
EZE00100082,18650525,TMAX,216,,,E,
GM000004204,18650525,TMAX,158,,,E,
GME00125218,18650525,TMAX,165,,,E,
GME00127462,18650525,TMAX,234,,,E,
ITE00100550,18650525,TMAX,256,,,E,
ITE00100554,18650525,TMAX,261,,,E,
SWE00139148,18650525,TMAX,289,,,E,
SZ000006717,18650525,TMAX,30,,,G,
UK000047811,18650525,TMAX,150,,,E,
UK000056225,18650525,TMAX,236,,,E,
AGE00135039,18650526,TMAX,195,,,E,
ASN00066062,18650526,TMAX,171,,,a,
ASN00074128,18650526,TMAX,206,,,a,
ASN00086071,18650526,TMAX,183,,,a,
ASN00090015,18650526,TMAX,194,,,a,
AU000005901,18650526,TMAX,171,,,E,
BE000006447,18650526,TMAX,234,,,I,
CA006148100,18650526,TMAX,183,,,C,
CA006158350,18650526,TMAX,183,,,C,
EIE00101859,18650526,TMAX,189,,,E,
EZE00100082,18650526,TMAX,178,,,E,
GM000004204,18650526,TMAX,210,,,E,
GME00125218,18650526,TMAX,211,,,E,
GME00127462,18650526,TMAX,224,,,E,
ITE00100550,18650526,TMAX,260,,,E,
ITE00100554,18650526,TMAX,275,,,E,
SWE00139148,18650526,TMAX,197,,,E,
SZ000006717,18650526,TMAX,70,,,G,
UK000047811,18650526,TMAX,183,,,E,
UK000056225,18650526,TMAX,208,,,E,
AGE00135039,18650527,TMAX,220,,,E,
ASN00066062,18650527,TMAX,184,,,a,
ASN00074128,18650527,TMAX,217,,,a,
ASN00086071,18650527,TMAX,202,,,a,
AU000005901,18650527,TMAX,240,,,E,
BE000006447,18650527,TMAX,254,,,I,
CA006148100,18650527,TMAX,200,,,C,
CA006158350,18650527,TMAX,206,,,C,
EIE00101859,18650527,TMAX,183,,,E,
EZE00100082,18650527,TMAX,243,,,E,
GM000004204,18650527,TMAX,228,,,E,
GME00125218,18650527,TMAX,221,,,E,
GME00127462,18650527,TMAX,211,,,E,
ITE00100550,18650527,TMAX,256,,,E,
ITE00100554,18650527,TMAX,287,,,E,
SWE00139148,18650527,TMAX,134,,,E,
SZ000006717,18650527,TMAX,127,,,G,
UK000047811,18650527,TMAX,178,,,E,
UK000056225,18650527,TMAX,202,,,E,
ASN00066062,18650528,TMAX,183,,,a,
ASN00086071,18650528,TMAX,122,,,a,
AU000005901,18650528,TMAX,256,,,E,
BE000006447,18650528,TMAX,236,,,I,
CA006158350,18650528,TMAX,194,,,C,
EIE00101859,18650528,TMAX,194,,,E,
EZE00100082,18650528,TMAX,276,,,E,
GM000004204,18650528,TMAX,266,,,E,
GME00125218,18650528,TMAX,271,,,E,
GME00127462,18650528,TMAX,230,,,E,
ITE00100550,18650528,TMAX,313,,,E,
ITE00100554,18650528,TMAX,309,,,E,
SWE00139148,18650528,TMAX,102,,,E,
SZ000006717,18650528,TMAX,118,,,G,
UK000047811,18650528,TMAX,122,,,E,
UK000056225,18650528,TMAX,219,,,E,
AGE00135039,18650529,TMAX,225,,,E,
ASN00066062,18650529,TMAX,157,,,a,
ASN00074128,18650529,TMAX,206,,,a,
ASN00086071,18650529,TMAX,137,,,a,
ASN00090015,18650529,TMAX,144,,,a,
AU000005901,18650529,TMAX,291,,,E,
BE000006447,18650529,TMAX,253,,,I,
CA006148100,18650529,TMAX,222,,,C,
CA006158350,18650529,TMAX,217,,,C,
EIE00101859,18650529,TMAX,178,,,E,
EZE00100082,18650529,TMAX,261,,,E,
GM000004204,18650529,TMAX,250,,,E,
GME00125218,18650529,TMAX,243,,,E,
GME00127462,18650529,TMAX,231,,,E,
ITE00100550,18650529,TMAX,333,,,E,
ITE00100554,18650529,TMAX,313,,,E,
SWE00139148,18650529,TMAX,190,,,E,
SZ000006717,18650529,TMAX,135,,,G,
UK000047811,18650529,TMAX,161,,,E,
UK000056225,18650529,TMAX,186,,,E,
AGE00135039,18650530,TMAX,203,,,E,
ASN00066062,18650530,TMAX,166,,,a,
ASN00074128,18650530,TMAX,133,,,a,
ASN00086071,18650530,TMAX,111,,,a,
ASN00090015,18650530,TMAX,133,,,a,
AU000005901,18650530,TMAX,306,,,E,
BE000006447,18650530,TMAX,199,,,I,
CA006148100,18650530,TMAX,228,,,C,
CA006158350,18650530,TMAX,222,,,C,
EIE00101859,18650530,TMAX,200,,,E,
EZE00100082,18650530,TMAX,296,,,E,
GM000004204,18650530,TMAX,285,,,E,
GME00125218,18650530,TMAX,293,,,E,
GME00127462,18650530,TMAX,253,,,E,
ITE00100550,18650530,TMAX,331,,,E,
ITE00100554,18650530,TMAX,313,,,E,
SWE00139148,18650530,TMAX,147,,,E,
SZ000006717,18650530,TMAX,129,,,G,
UK000047811,18650530,TMAX,161,,,E,
UK000056225,18650530,TMAX,202,,,E,
AGE00135039,18650531,TMAX,225,,,E,
ASN00066062,18650531,TMAX,157,,,a,
ASN00074128,18650531,TMAX,128,,,a,
ASN00086071,18650531,TMAX,127,,,a,
ASN00090015,18650531,TMAX,128,,,a,
AU000005901,18650531,TMAX,278,,,E,
BE000006447,18650531,TMAX,206,,,I,
CA006148100,18650531,TMAX,256,,,C,
CA006158350,18650531,TMAX,261,,,C,
EIE00101859,18650531,TMAX,211,,,E,
EZE00100082,18650531,TMAX,238,,,E,
GM000004204,18650531,TMAX,213,,,E,
GME00125218,18650531,TMAX,203,,,E,
GME00127462,18650531,TMAX,135,,I,E,
ITE00100550,18650531,TMAX,346,,,E,
ITE00100554,18650531,TMAX,317,,,E,
SWE00139148,18650531,TMAX,122,,,E,
SZ000006717,18650531,TMAX,135,,,G,
UK000047811,18650531,TMAX,167,,,E,
UK000056225,18650531,TMAX,191,,,E,
AGE00135039,18650601,TMAX,220,,,E,
ASN00066062,18650601,TMAX,143,,,a,
ASN00074128,18650601,TMAX,194,,,a,
ASN00086071,18650601,TMAX,117,,,a,
ASN00090015,18650601,TMAX,139,,,a,
AU000005901,18650601,TMAX,240,,,E,
BE000006447,18650601,TMAX,227,,,I,
CA006148100,18650601,TMAX,267,,,C,
CA006158350,18650601,TMAX,200,,,C,
EIE00101859,18650601,TMAX,200,,,E,
EZE00100082,18650601,TMAX,215,,,E,
GM000004204,18650601,TMAX,191,,,E,
GME00125218,18650601,TMAX,188,,,E,
GME00127462,18650601,TMAX,128,,,E,
ITE00100550,18650601,TMAX,338,,,E,
ITE00100554,18650601,TMAX,313,,,E,
SWE00139148,18650601,TMAX,152,,,E,
SZ000006717,18650601,TMAX,124,,,G,
UK000047811,18650601,TMAX,167,,,E,
UK000056225,18650601,TMAX,153,,,E,
AGE00135039,18650602,TMAX,225,,,E,
ASN00066062,18650602,TMAX,161,,,a,
ASN00074128,18650602,TMAX,139,,,a,
ASN00086071,18650602,TMAX,141,,,a,
ASN00090015,18650602,TMAX,139,,,a,
AU000005901,18650602,TMAX,248,,,E,
BE000006447,18650602,TMAX,220,,,I,
CA006148100,18650602,TMAX,261,,,C,
CA006158350,18650602,TMAX,183,,,C,
EIE00101859,18650602,TMAX,211,,,E,
EZE00100082,18650602,TMAX,192,,,E,
GM000004204,18650602,TMAX,245,,,E,
GME00125218,18650602,TMAX,203,,,E,
GME00127462,18650602,TMAX,131,,,E,
ITE00100550,18650602,TMAX,331,,,E,
ITE00100554,18650602,TMAX,322,,,E,
SWE00139148,18650602,TMAX,172,,,E,
SZ000006717,18650602,TMAX,69,,,G,
UK000047811,18650602,TMAX,178,,,E,
UK000056225,18650602,TMAX,202,,,E,
AGE00135039,18650603,TMAX,220,,,E,
ASN00066062,18650603,TMAX,173,,,a,
ASN00074128,18650603,TMAX,156,,,a,
ASN00086071,18650603,TMAX,145,,,a,
ASN00090015,18650603,TMAX,139,,,a,
AU000005901,18650603,TMAX,245,,,E,
BE000006447,18650603,TMAX,200,,,I,
CA006148100,18650603,TMAX,283,,,C,
CA006158350,18650603,TMAX,228,,,C,
EIE00101859,18650603,TMAX,217,,,E,
EZE00100082,18650603,TMAX,222,,,E,
GM000004204,18650603,TMAX,211,,,E,
GME00125218,18650603,TMAX,214,,,E,
GME00127462,18650603,TMAX,165,,,E,
ITE00100550,18650603,TMAX,310,,,E,
ITE00100554,18650603,TMAX,307,,,E,
SWE00139148,18650603,TMAX,200,,,E,
SZ000006717,18650603,TMAX,64,,,G,
UK000047811,18650603,TMAX,189,,,E,
UK000056225,18650603,TMAX,219,,,E,
ASN00066062,18650604,TMAX,162,,,a,
ASN00086071,18650604,TMAX,123,,,a,
ASN00090015,18650604,TMAX,100,,,a,
AU000005901,18650604,TMAX,250,,,E,
BE000006447,18650604,TMAX,212,,,I,
CA006158350,18650604,TMAX,322,,,C,
EIE00101859,18650604,TMAX,222,,,E,
EZE00100082,18650604,TMAX,220,,,E,
GM000004204,18650604,TMAX,203,,,E,
GME00125218,18650604,TMAX,198,,,E,
GME00127462,18650604,TMAX,131,,,E,
ITE00100550,18650604,TMAX,240,,,E,
ITE00100554,18650604,TMAX,249,,,E,
SWE00139148,18650604,TMAX,182,,,E,
SZ000006717,18650604,TMAX,62,,,G,
UK000047811,18650604,TMAX,222,,,E,
UK000056225,18650604,TMAX,235,,,E,
ASN00066062,18650605,TMAX,165,,,a,
ASN00074128,18650605,TMAX,133,,,a,
ASN00086071,18650605,TMAX,98,,,a,
ASN00090015,18650605,TMAX,111,,,a,
AU000005901,18650605,TMAX,223,,,E,
BE000006447,18650605,TMAX,227,,,I,
CA006148100,18650605,TMAX,289,,,C,
CA006158350,18650605,TMAX,211,,,C,
EIE00101859,18650605,TMAX,217,,,E,
EZE00100082,18650605,TMAX,166,,,E,
GM000004204,18650605,TMAX,150,,,E,
GME00125218,18650605,TMAX,149,,,E,
GME00127462,18650605,TMAX,153,,,E,
ITE00100550,18650605,TMAX,204,,,E,
ITE00100554,18650605,TMAX,244,,,E,
SWE00139148,18650605,TMAX,198,,,E,
SZ000006717,18650605,TMAX,60,,,G,
UK000047811,18650605,TMAX,217,,,E,
UK000056225,18650605,TMAX,238,,,E,
AGE00135039,18650606,TMAX,220,,,E,
ASN00066062,18650606,TMAX,189,,,a,
ASN00074128,18650606,TMAX,128,,,a,
ASN00086071,18650606,TMAX,115,,,a,
ASN00090015,18650606,TMAX,128,,,a,
AU000005901,18650606,TMAX,203,,,E,
BE000006447,18650606,TMAX,237,,,I,
CA006148100,18650606,TMAX,283,,,C,
CA006158350,18650606,TMAX,233,,,C,
EIE00101859,18650606,TMAX,228,,,E,
EZE00100082,18650606,TMAX,188,,,E,
GM000004204,18650606,TMAX,183,,,E,
GME00125218,18650606,TMAX,174,,,E,
GME00127462,18650606,TMAX,150,,,E,
ITE00100550,18650606,TMAX,271,,,E,
ITE00100554,18650606,TMAX,279,,,E,
SWE00139148,18650606,TMAX,183,,,E,
SZ000006717,18650606,TMAX,78,,,G,
UK000047811,18650606,TMAX,228,,,E,
UK000056225,18650606,TMAX,213,,,E,
AGE00135039,18650607,TMAX,220,,,E,
ASN00066062,18650607,TMAX,158,,,a,
ASN00074128,18650607,TMAX,144,,,a,
ASN00086071,18650607,TMAX,126,,,a,
ASN00090015,18650607,TMAX,144,,,a,
AU000005901,18650607,TMAX,213,,,E,
BE000006447,18650607,TMAX,228,,,I,
CA006148100,18650607,TMAX,283,,,C,
CA006158350,18650607,TMAX,261,,,C,
EIE00101859,18650607,TMAX,244,,,E,
EZE00100082,18650607,TMAX,206,,,E,
GM000004204,18650607,TMAX,201,,,E,
GME00125218,18650607,TMAX,205,,,E,
GME00127462,18650607,TMAX,148,,,E,
ITE00100550,18650607,TMAX,291,,,E,
ITE00100554,18650607,TMAX,289,,,E,
SWE00139148,18650607,TMAX,179,,,E,
SZ000006717,18650607,TMAX,84,,,G,
UK000047811,18650607,TMAX,250,,,E,
UK000056225,18650607,TMAX,252,,,E,
AGE00135039,18650608,TMAX,220,,,E,
ASN00066062,18650608,TMAX,152,,,a,
ASN00074128,18650608,TMAX,139,,,a,
ASN00086071,18650608,TMAX,117,,,a,
ASN00090015,18650608,TMAX,150,,,a,
AU000005901,18650608,TMAX,195,,,E,
BE000006447,18650608,TMAX,222,,,I,
CA006148100,18650608,TMAX,233,,,C,
CA006158350,18650608,TMAX,239,,,C,
EIE00101859,18650608,TMAX,239,,,E,
EZE00100082,18650608,TMAX,162,,,E,
GM000004204,18650608,TMAX,184,,,E,
GME00125218,18650608,TMAX,166,,,E,
GME00127462,18650608,TMAX,169,,,E,
ITE00100550,18650608,TMAX,321,,,E,
ITE00100554,18650608,TMAX,303,,,E,
SWE00139148,18650608,TMAX,134,,,E,
SZ000006717,18650608,TMAX,92,,,G,
UK000047811,18650608,TMAX,217,,,E,
UK000056225,18650608,TMAX,253,,,E,
USC00288878,18650608,TMAX,344,,,6,
AGE00135039,18650609,TMAX,220,,,E,
ASN00066062,18650609,TMAX,174,,,a,
ASN00074128,18650609,TMAX,144,,,a,
ASN00086071,18650609,TMAX,127,,,a,
ASN00090015,18650609,TMAX,150,,,a,
AU000005901,18650609,TMAX,206,,,E,
BE000006447,18650609,TMAX,250,,,I,
CA006148100,18650609,TMAX,217,,,C,
CA006158350,18650609,TMAX,211,,,C,
EIE00101859,18650609,TMAX,250,,,E,
EZE00100082,18650609,TMAX,207,,,E,
GM000004204,18650609,TMAX,218,,,E,
GME00125218,18650609,TMAX,185,,,E,
GME00127462,18650609,TMAX,203,,,E,
ITE00100550,18650609,TMAX,281,,,E,
ITE00100554,18650609,TMAX,283,,,E,
SWE00139148,18650609,TMAX,186,,,E,
SZ000006717,18650609,TMAX,114,,,G,
UK000047811,18650609,TMAX,211,,,E,
UK000056225,18650609,TMAX,224,,,E,
USC00288878,18650609,TMAX,350,,,6,
AGE00135039,18650610,TMAX,215,,,E,
ASN00066062,18650610,TMAX,178,,,a,
ASN00074128,18650610,TMAX,150,,,a,
ASN00086071,18650610,TMAX,127,,,a,
ASN00090015,18650610,TMAX,150,,,a,
AU000005901,18650610,TMAX,250,,,E,
BE000006447,18650610,TMAX,250,,,I,
CA006148100,18650610,TMAX,183,,,C,
CA006158350,18650610,TMAX,206,,,C,
EIE00101859,18650610,TMAX,239,,,E,
EZE00100082,18650610,TMAX,214,,,E,
GM000004204,18650610,TMAX,214,,,E,
GME00125218,18650610,TMAX,199,,,E,
GME00127462,18650610,TMAX,146,,,E,
ITE00100550,18650610,TMAX,313,,,E,
ITE00100554,18650610,TMAX,305,,,E,
SWE00139148,18650610,TMAX,182,,,E,
SZ000006717,18650610,TMAX,114,,,G,
UK000047811,18650610,TMAX,172,,,E,
UK000056225,18650610,TMAX,171,,,E,
USC00288878,18650610,TMAX,294,,,6,
ASN00066062,18650611,TMAX,194,,,a,
ASN00086071,18650611,TMAX,129,,,a,
ASN00090015,18650611,TMAX,167,,,a,
AU000005901,18650611,TMAX,196,,,E,
BE000006447,18650611,TMAX,166,,,I,
CA006158350,18650611,TMAX,250,,,C,
EIE00101859,18650611,TMAX,244,,,E,
EZE00100082,18650611,TMAX,165,,,E,
GM000004204,18650611,TMAX,169,,,E,
GME00125218,18650611,TMAX,155,,,E,
GME00127462,18650611,TMAX,129,,,E,
ITE00100550,18650611,TMAX,285,,,E,
ITE00100554,18650611,TMAX,275,,,E,
SWE00139148,18650611,TMAX,155,,,E,
SZ000006717,18650611,TMAX,76,,,G,
UK000047811,18650611,TMAX,206,,,E,
UK000056225,18650611,TMAX,191,,,E,
AGE00135039,18650612,TMAX,230,,,E,
ASN00066062,18650612,TMAX,187,,,a,
ASN00074128,18650612,TMAX,161,,,a,
ASN00086071,18650612,TMAX,138,,,a,
ASN00090015,18650612,TMAX,167,,,a,
AU000005901,18650612,TMAX,144,,,E,
BE000006447,18650612,TMAX,180,,,I,
CA006148100,18650612,TMAX,256,,,C,
CA006158350,18650612,TMAX,283,,,C,
EIE00101859,18650612,TMAX,256,,,E,
EZE00100082,18650612,TMAX,116,,,E,
GM000004204,18650612,TMAX,136,,,E,
GME00125218,18650612,TMAX,146,,,E,
GME00127462,18650612,TMAX,133,,,E,
ITE00100550,18650612,TMAX,284,,,E,
ITE00100554,18650612,TMAX,271,,,E,
SWE00139148,18650612,TMAX,160,,,E,
SZ000006717,18650612,TMAX,52,,,G,
UK000047811,18650612,TMAX,194,,,E,
UK000056225,18650612,TMAX,224,,,E,
USC00288878,18650612,TMAX,278,,,6,
AGE00135039,18650613,TMAX,235,,,E,
ASN00066062,18650613,TMAX,152,,,a,
ASN00074128,18650613,TMAX,161,,,a,
ASN00086071,18650613,TMAX,131,,,a,
ASN00090015,18650613,TMAX,183,,,a,
AU000005901,18650613,TMAX,171,,,E,
BE000006447,18650613,TMAX,196,,,I,
CA006148100,18650613,TMAX,239,,,C,
CA006158350,18650613,TMAX,172,,,C,
EIE00101859,18650613,TMAX,250,,,E,
EZE00100082,18650613,TMAX,163,,,E,
GM000004204,18650613,TMAX,144,,,E,
GME00125218,18650613,TMAX,131,,,E,
GME00127462,18650613,TMAX,144,,,E,
ITE00100550,18650613,TMAX,248,,,E,
ITE00100554,18650613,TMAX,254,,,E,
SWE00139148,18650613,TMAX,161,,,E,
SZ000006717,18650613,TMAX,55,,,G,
UK000047811,18650613,TMAX,222,,,E,
UK000056225,18650613,TMAX,238,,,E,
USC00288878,18650613,TMAX,306,,,6,
AGE00135039,18650614,TMAX,235,,,E,
ASN00066062,18650614,TMAX,133,,,a,
ASN00074128,18650614,TMAX,172,,,a,
ASN00086071,18650614,TMAX,129,,,a,
ASN00090015,18650614,TMAX,200,,,a,
AU000005901,18650614,TMAX,181,,,E,
BE000006447,18650614,TMAX,171,,,I,
CA006148100,18650614,TMAX,206,,,C,
CA006158350,18650614,TMAX,194,,,C,
EIE00101859,18650614,TMAX,272,,,E,
EZE00100082,18650614,TMAX,166,,,E,
GM000004204,18650614,TMAX,176,,,E,
GME00125218,18650614,TMAX,168,,,E,
GME00127462,18650614,TMAX,145,,,E,
ITE00100550,18650614,TMAX,275,,,E,
ITE00100554,18650614,TMAX,280,,,E,
SWE00139148,18650614,TMAX,157,,,E,
SZ000006717,18650614,TMAX,82,,,G,
UK000047811,18650614,TMAX,194,,,E,
UK000056225,18650614,TMAX,236,,,E,
USC00288878,18650614,TMAX,278,,,6,
AGE00135039,18650615,TMAX,230,,,E,
ASN00066062,18650615,TMAX,139,,,a,
ASN00074128,18650615,TMAX,178,,,a,
ASN00086071,18650615,TMAX,149,,,a,
ASN00090015,18650615,TMAX,200,,,a,
AU000005901,18650615,TMAX,188,,,E,
BE000006447,18650615,TMAX,192,,,I,
CA006148100,18650615,TMAX,256,,,C,
CA006158350,18650615,TMAX,183,,,C,
EIE00101859,18650615,TMAX,283,,,E,
EZE00100082,18650615,TMAX,176,,,E,
GM000004204,18650615,TMAX,163,,,E,
GME00125218,18650615,TMAX,155,,,E,
GME00127462,18650615,TMAX,183,,,E,
ITE00100550,18650615,TMAX,278,,,E,
ITE00100554,18650615,TMAX,286,,,E,
SWE00139148,18650615,TMAX,203,,,E,
SZ000006717,18650615,TMAX,88,,,G,
UK000047811,18650615,TMAX,200,,,E,
UK000056225,18650615,TMAX,194,,,E,
USC00288878,18650615,TMAX,261,,,6,
AGE00135039,18650616,TMAX,230,,,E,
ASN00066062,18650616,TMAX,134,,,a,
ASN00074128,18650616,TMAX,183,,,a,
ASN00086071,18650616,TMAX,142,,,a,
ASN00090015,18650616,TMAX,183,,,a,
AU000005901,18650616,TMAX,213,,,E,
BE000006447,18650616,TMAX,183,,,I,
CA006148100,18650616,TMAX,278,,,C,
CA006158350,18650616,TMAX,244,,,C,
EIE00101859,18650616,TMAX,267,,,E,
EZE00100082,18650616,TMAX,194,,,E,
GM000004204,18650616,TMAX,193,,,E,
GME00125218,18650616,TMAX,193,,,E,
GME00127462,18650616,TMAX,201,,,E,
ITE00100550,18650616,TMAX,235,,,E,
ITE00100554,18650616,TMAX,263,,,E,
SWE00139148,18650616,TMAX,181,,,E,
SZ000006717,18650616,TMAX,71,,,G,
UK000047811,18650616,TMAX,239,,,E,
UK000056225,18650616,TMAX,214,,,E,
USC00288878,18650616,TMAX,278,,,6,
AGE00135039,18650617,TMAX,225,,,E,
ASN00066062,18650617,TMAX,172,,,a,
ASN00074128,18650617,TMAX,194,,,a,
ASN00086071,18650617,TMAX,172,,,a,
ASN00090015,18650617,TMAX,194,,,a,
AU000005901,18650617,TMAX,218,,,E,
BE000006447,18650617,TMAX,174,,,I,
CA006148100,18650617,TMAX,300,,,C,
CA006158350,18650617,TMAX,283,,,C,
EIE00101859,18650617,TMAX,294,,,E,
EZE00100082,18650617,TMAX,194,,,E,
GM000004204,18650617,TMAX,203,,,E,
GME00125218,18650617,TMAX,203,,,E,
GME00127462,18650617,TMAX,128,,,E,
ITE00100550,18650617,TMAX,235,,,E,
ITE00100554,18650617,TMAX,263,,,E,
SWE00139148,18650617,TMAX,136,,,E,
SZ000006717,18650617,TMAX,71,,,G,
UK000047811,18650617,TMAX,211,,,E,
UK000056225,18650617,TMAX,186,,,E,
USC00288878,18650617,TMAX,317,,,6,
ASN00066062,18650618,TMAX,161,,,a,
ASN00086071,18650618,TMAX,182,,,a,
ASN00090015,18650618,TMAX,183,,,a,
AU000005901,18650618,TMAX,155,,,E,
BE000006447,18650618,TMAX,199,,,I,
CA006158350,18650618,TMAX,267,,,C,
EIE00101859,18650618,TMAX,289,,,E,
EZE00100082,18650618,TMAX,112,,,E,
GM000004204,18650618,TMAX,151,,,E,
GME00125218,18650618,TMAX,151,,,E,
GME00127462,18650618,TMAX,155,,,E,
ITE00100550,18650618,TMAX,260,,,E,
ITE00100554,18650618,TMAX,284,,,E,
SWE00139148,18650618,TMAX,203,,,E,
SZ000006717,18650618,TMAX,69,,,G,
UK000047811,18650618,TMAX,250,,,E,
UK000056225,18650618,TMAX,212,,,E,
USC00288878,18650618,TMAX,356,,,6,
AGE00135039,18650619,TMAX,250,,,E,
ASN00066062,18650619,TMAX,177,,,a,
ASN00074128,18650619,TMAX,206,,,a,
ASN00086071,18650619,TMAX,170,,,a,
ASN00090015,18650619,TMAX,167,,,a,
AU000005901,18650619,TMAX,180,,,E,
BE000006447,18650619,TMAX,182,,,I,
CA006148100,18650619,TMAX,306,,,C,
CA006158350,18650619,TMAX,272,,,C,
EIE00101859,18650619,TMAX,300,,,E,
EZE00100082,18650619,TMAX,182,,,E,
GM000004204,18650619,TMAX,215,,,E,
GME00125218,18650619,TMAX,209,,,E,
GME00127462,18650619,TMAX,183,,,E,
ITE00100550,18650619,TMAX,281,,,E,
ITE00100554,18650619,TMAX,271,,,E,
SWE00139148,18650619,TMAX,191,,,E,
SZ000006717,18650619,TMAX,90,,,G,
UK000047811,18650619,TMAX,244,,,E,
UK000056225,18650619,TMAX,252,,,E,
USC00288878,18650619,TMAX,317,,,6,
AGE00135039,18650620,TMAX,220,,,E,
ASN00066062,18650620,TMAX,188,,,a,
ASN00074128,18650620,TMAX,189,,,a,
ASN00086071,18650620,TMAX,187,,,a,
ASN00090015,18650620,TMAX,194,,,a,
AU000005901,18650620,TMAX,219,,,E,
BE000006447,18650620,TMAX,229,,,I,
CA006148100,18650620,TMAX,244,,,C,
CA006158350,18650620,TMAX,256,,,C,
EIE00101859,18650620,TMAX,300,,,E,
EZE00100082,18650620,TMAX,196,,,E,
GM000004204,18650620,TMAX,220,,,E,
GME00125218,18650620,TMAX,215,,,E,
GME00127462,18650620,TMAX,175,,,E,
ITE00100550,18650620,TMAX,316,,,E,
ITE00100554,18650620,TMAX,310,,,E,
SWE00139148,18650620,TMAX,196,,,E,
SZ000006717,18650620,TMAX,104,,,G,
UK000047811,18650620,TMAX,261,,,E,
UK000056225,18650620,TMAX,287,,,E,
USC00288878,18650620,TMAX,300,,,6,
AGE00135039,18650621,TMAX,215,,,E,
ASN00066062,18650621,TMAX,193,,,a,
ASN00074128,18650621,TMAX,239,,,a,
ASN00086071,18650621,TMAX,201,,,a,
ASN00090015,18650621,TMAX,206,,,a,
AU000005901,18650621,TMAX,241,,,E,
BE000006447,18650621,TMAX,250,,,I,
CA006148100,18650621,TMAX,222,,,C,
CA006158350,18650621,TMAX,233,,,C,
EIE00101859,18650621,TMAX,283,,,E,
EZE00100082,18650621,TMAX,197,,,E,
GM000004204,18650621,TMAX,175,,,E,
GME00125218,18650621,TMAX,176,,,E,
GME00127462,18650621,TMAX,204,,,E,
ITE00100550,18650621,TMAX,321,,,E,
ITE00100554,18650621,TMAX,312,,,E,
SWE00139148,18650621,TMAX,185,,,E,
SZ000006717,18650621,TMAX,117,,,G,
UK000047811,18650621,TMAX,261,,,E,
UK000056225,18650621,TMAX,280,,,E,
USC00288878,18650621,TMAX,311,,,6,
AGE00135039,18650622,TMAX,232,,,E,
ASN00066062,18650622,TMAX,201,,,a,
ASN00074128,18650622,TMAX,239,,,a,
ASN00086071,18650622,TMAX,194,,,a,
ASN00090015,18650622,TMAX,206,,,a,
AU000005901,18650622,TMAX,238,,,E,
BE000006447,18650622,TMAX,238,,,I,
CA006148100,18650622,TMAX,206,,,C,
CA006158350,18650622,TMAX,217,,,C,
EIE00101859,18650622,TMAX,267,,,E,
EZE00100082,18650622,TMAX,198,,,E,
GM000004204,18650622,TMAX,224,,,E,
GME00125218,18650622,TMAX,215,,,E,
GME00127462,18650622,TMAX,171,,,E,
ITE00100550,18650622,TMAX,298,,,E,
ITE00100554,18650622,TMAX,313,,,E,
SWE00139148,18650622,TMAX,260,,,E,
SZ000006717,18650622,TMAX,104,,,G,
UK000047811,18650622,TMAX,211,,,E,
UK000056225,18650622,TMAX,280,,,E,
USC00288878,18650622,TMAX,317,,,6,
AGE00135039,18650623,TMAX,235,,,E,
ASN00066062,18650623,TMAX,139,,,a,
ASN00074128,18650623,TMAX,222,,,a,
ASN00086071,18650623,TMAX,194,,,a,
ASN00090015,18650623,TMAX,206,,,a,
AU000005901,18650623,TMAX,220,,,E,
BE000006447,18650623,TMAX,263,,,I,
CA006148100,18650623,TMAX,244,,,C,
CA006158350,18650623,TMAX,217,,,C,
EIE00101859,18650623,TMAX,239,,,E,
EZE00100082,18650623,TMAX,215,,,E,
GM000004204,18650623,TMAX,233,,,E,
GME00125218,18650623,TMAX,226,,,E,
GME00127462,18650623,TMAX,204,,,E,
ITE00100550,18650623,TMAX,260,,,E,
ITE00100554,18650623,TMAX,277,,,E,
SWE00139148,18650623,TMAX,261,,,E,
SZ000006717,18650623,TMAX,89,,,G,
UK000047811,18650623,TMAX,189,,,E,
UK000056225,18650623,TMAX,208,,,E,
USC00288878,18650623,TMAX,311,,,6,
AGE00135039,18650624,TMAX,235,,,E,
ASN00066062,18650624,TMAX,127,,,a,
ASN00074128,18650624,TMAX,217,,,a,
ASN00086071,18650624,TMAX,162,,,a,
ASN00090015,18650624,TMAX,178,,,a,
AU000005901,18650624,TMAX,255,,,E,
BE000006447,18650624,TMAX,188,,,I,
CA006148100,18650624,TMAX,300,,,C,
CA006158350,18650624,TMAX,267,,,C,
EIE00101859,18650624,TMAX,244,,,E,
EZE00100082,18650624,TMAX,246,,,E,
GM000004204,18650624,TMAX,263,,,E,
GME00125218,18650624,TMAX,258,,,E,
GME00127462,18650624,TMAX,223,,,E,
ITE00100550,18650624,TMAX,306,,,E,
ITE00100554,18650624,TMAX,286,,,E,
SWE00139148,18650624,TMAX,275,,,E,
SZ000006717,18650624,TMAX,86,,,G,
UK000047811,18650624,TMAX,189,,,E,
UK000056225,18650624,TMAX,230,,,E,
USC00288878,18650624,TMAX,311,,,6,
ASN00086071,18650625,TMAX,129,,,a,
ASN00090015,18650625,TMAX,128,,,a,
AU000005901,18650625,TMAX,228,,,E,
BE000006447,18650625,TMAX,198,,,I,
CA006158350,18650625,TMAX,294,,,C,
EIE00101859,18650625,TMAX,228,,,E,
EZE00100082,18650625,TMAX,176,,,E,
GM000004204,18650625,TMAX,169,,,E,
GME00125218,18650625,TMAX,155,,,E,
GME00127462,18650625,TMAX,155,,,E,
ITE00100550,18650625,TMAX,278,,,E,
ITE00100554,18650625,TMAX,313,,,E,
SWE00139148,18650625,TMAX,175,,,E,
SZ000006717,18650625,TMAX,63,,,G,
UK000047811,18650625,TMAX,189,,,E,
UK000056225,18650625,TMAX,197,,,E,
AGE00135039,18650626,TMAX,250,,,E,
ASN00066062,18650626,TMAX,142,,,a,
ASN00074128,18650626,TMAX,211,,,a,
ASN00086071,18650626,TMAX,135,,,a,
ASN00090015,18650626,TMAX,128,,,a,
AU000005901,18650626,TMAX,174,,,E,
BE000006447,18650626,TMAX,190,,,I,
CA006148100,18650626,TMAX,300,,,C,
CA006158350,18650626,TMAX,239,,,C,
EIE00101859,18650626,TMAX,256,,,E,
EZE00100082,18650626,TMAX,163,,,E,
GM000004204,18650626,TMAX,181,,,E,
GME00125218,18650626,TMAX,166,,,E,
GME00127462,18650626,TMAX,108,,,E,
ITE00100550,18650626,TMAX,298,,,E,
ITE00100554,18650626,TMAX,278,,,E,
SWE00139148,18650626,TMAX,195,,,E,
SZ000006717,18650626,TMAX,82,,,G,
UK000047811,18650626,TMAX,222,,,E,
UK000056225,18650626,TMAX,241,,,E,
USC00288878,18650626,TMAX,272,,,6,
AGE00135039,18650627,TMAX,270,,,E,
ASN00066062,18650627,TMAX,156,,,a,
ASN00074128,18650627,TMAX,128,,,a,
ASN00086071,18650627,TMAX,144,,,a,
ASN00090015,18650627,TMAX,133,,,a,
AU000005901,18650627,TMAX,165,,,E,
BE000006447,18650627,TMAX,187,,,I,
CA006148100,18650627,TMAX,178,,,C,
CA006158350,18650627,TMAX,167,,,C,
EIE00101859,18650627,TMAX,239,,,E,
EZE00100082,18650627,TMAX,151,,,E,
GM000004204,18650627,TMAX,158,,,E,
GME00125218,18650627,TMAX,156,,,E,
GME00127462,18650627,TMAX,153,,,E,
ITE00100550,18650627,TMAX,331,,,E,
ITE00100554,18650627,TMAX,318,,,E,
SWE00139148,18650627,TMAX,118,,,E,
SZ000006717,18650627,TMAX,88,,,G,
UK000047811,18650627,TMAX,217,,,E,
UK000056225,18650627,TMAX,252,,,E,
USC00288878,18650627,TMAX,289,,,6,
AGE00135039,18650628,TMAX,265,,,E,
ASN00066062,18650628,TMAX,162,,,a,
ASN00074128,18650628,TMAX,106,,,a,
ASN00086071,18650628,TMAX,99,,,a,
ASN00090015,18650628,TMAX,122,,,a,
AU000005901,18650628,TMAX,181,,,E,
BE000006447,18650628,TMAX,218,,,I,
CA006148100,18650628,TMAX,194,,,C,
CA006158350,18650628,TMAX,200,,,C,
EIE00101859,18650628,TMAX,206,,,E,
EZE00100082,18650628,TMAX,155,,,E,
GM000004204,18650628,TMAX,164,,,E,
GME00125218,18650628,TMAX,159,,,E,
GME00127462,18650628,TMAX,139,,,E,
ITE00100550,18650628,TMAX,275,,,E,
ITE00100554,18650628,TMAX,305,,,E,
SWE00139148,18650628,TMAX,97,,,E,
SZ000006717,18650628,TMAX,116,,,G,
UK000047811,18650628,TMAX,189,,,E,
UK000056225,18650628,TMAX,152,,,E,
USC00288878,18650628,TMAX,300,,,6,
AGE00135039,18650629,TMAX,310,,,E,
ASN00066062,18650629,TMAX,151,,,a,
ASN00074128,18650629,TMAX,106,,,a,
ASN00086071,18650629,TMAX,100,,,a,
ASN00090015,18650629,TMAX,128,,,a,
AU000005901,18650629,TMAX,225,,,E,
BE000006447,18650629,TMAX,248,,,I,
CA006148100,18650629,TMAX,267,,,C,
CA006158350,18650629,TMAX,261,,,C,
EIE00101859,18650629,TMAX,200,,,E,
EZE00100082,18650629,TMAX,192,,,E,
GM000004204,18650629,TMAX,201,,,E,
GME00125218,18650629,TMAX,184,,,E,
GME00127462,18650629,TMAX,158,,,E,
ITE00100550,18650629,TMAX,290,,,E,
ITE00100554,18650629,TMAX,272,,,E,
SWE00139148,18650629,TMAX,102,,,E,
SZ000006717,18650629,TMAX,118,,,G,
UK000047811,18650629,TMAX,194,,,E,
UK000056225,18650629,TMAX,141,,,E,
USC00288878,18650629,TMAX,317,,,6,
AGE00135039,18650630,TMAX,280,,,E,
ASN00066062,18650630,TMAX,168,,,a,
ASN00074128,18650630,TMAX,111,,,a,
ASN00086071,18650630,TMAX,121,,,a,
ASN00090015,18650630,TMAX,128,,,a,
AU000005901,18650630,TMAX,289,,,E,
BE000006447,18650630,TMAX,179,,,I,
CA006148100,18650630,TMAX,250,,,C,
CA006158350,18650630,TMAX,244,,,C,
EIE00101859,18650630,TMAX,228,,,E,
EZE00100082,18650630,TMAX,268,,,E,
GM000004204,18650630,TMAX,228,,,E,
GME00125218,18650630,TMAX,219,,,E,
GME00127462,18650630,TMAX,170,,,E,
ITE00100550,18650630,TMAX,294,,,E,
ITE00100554,18650630,TMAX,262,,,E,
SWE00139148,18650630,TMAX,168,,,E,
SZ000006717,18650630,TMAX,47,,,G,
UK000047811,18650630,TMAX,228,,,E,
UK000056225,18650630,TMAX,190,,,E,
USC00288878,18650630,TMAX,350,,,6,
AGE00135039,18650701,TMAX,260,,,E,
ASN00066062,18650701,TMAX,150,,,a,
ASN00086071,18650701,TMAX,138,,,a,
ASN00090015,18650701,TMAX,133,,,a,
AU000005901,18650701,TMAX,248,,,E,
BE000006447,18650701,TMAX,171,,,I,
CA006148100,18650701,TMAX,239,,,C,
CA006158350,18650701,TMAX,222,,,C,
EIE00101859,18650701,TMAX,244,,,E,
EZE00100082,18650701,TMAX,233,,,E,
GM000004204,18650701,TMAX,203,,,E,
GME00125218,18650701,TMAX,203,,,E,
GME00127462,18650701,TMAX,181,,,E,
ITE00100550,18650701,TMAX,269,,,E,
ITE00100554,18650701,TMAX,271,,,E,
SWE00139148,18650701,TMAX,240,,,E,
SZ000006717,18650701,TMAX,37,,,G,
UK000047811,18650701,TMAX,239,,,E,
UK000056225,18650701,TMAX,240,,,E,
USC00288878,18650701,TMAX,306,,,6,
ASN00066062,18650702,TMAX,147,,,a,
ASN00086071,18650702,TMAX,131,,,a,
ASN00090015,18650702,TMAX,133,,,a,
AU000005901,18650702,TMAX,209,,,E,
BE000006447,18650702,TMAX,208,,,I,
CA006158350,18650702,TMAX,217,,,C,
EIE00101859,18650702,TMAX,233,,,E,
EZE00100082,18650702,TMAX,158,,,E,
GM000004204,18650702,TMAX,181,,,E,
GME00125218,18650702,TMAX,158,,,E,
GME00127462,18650702,TMAX,131,,,E,
ITE00100550,18650702,TMAX,288,,,E,
ITE00100554,18650702,TMAX,281,,,E,
SWE00139148,18650702,TMAX,230,,,E,
SZ000006717,18650702,TMAX,31,,I,G,
UK000047811,18650702,TMAX,233,,,E,
UK000056225,18650702,TMAX,242,,,E,
AGE00135039,18650703,TMAX,260,,,E,
ASN00066062,18650703,TMAX,148,,,a,
ASN00086071,18650703,TMAX,111,,,a,
ASN00090015,18650703,TMAX,144,,,a,
AU000005901,18650703,TMAX,225,,,E,
BE000006447,18650703,TMAX,238,,,I,
CA006148100,18650703,TMAX,250,,,C,
CA006158350,18650703,TMAX,239,,,C,
EIE00101859,18650703,TMAX,228,,,E,
EZE00100082,18650703,TMAX,188,,,E,
GM000004204,18650703,TMAX,184,,,E,
GME00125218,18650703,TMAX,153,,,E,
GME00127462,18650703,TMAX,173,,,E,
ITE00100550,18650703,TMAX,300,,,E,
ITE00100554,18650703,TMAX,303,,,E,
SWE00139148,18650703,TMAX,243,,,E,
SZ000006717,18650703,TMAX,130,,,G,
UK000047811,18650703,TMAX,217,,,E,
UK000056225,18650703,TMAX,266,,,E,
USC00288878,18650703,TMAX,306,,,6,
AGE00135039,18650704,TMAX,250,,,E,
ASN00066062,18650704,TMAX,156,,,a,
ASN00086071,18650704,TMAX,150,,,a,
ASN00090015,18650704,TMAX,150,,,a,
AU000005901,18650704,TMAX,243,,,E,
BE000006447,18650704,TMAX,261,,,I,
CA006148100,18650704,TMAX,250,,,C,
CA006158350,18650704,TMAX,272,,,C,
EIE00101859,18650704,TMAX,233,,,E,
EZE00100082,18650704,TMAX,222,,,E,
GM000004204,18650704,TMAX,225,,,E,
GME00125218,18650704,TMAX,218,,,E,
GME00127462,18650704,TMAX,188,,,E,
ITE00100550,18650704,TMAX,313,,,E,
ITE00100554,18650704,TMAX,316,,,E,
SWE00139148,18650704,TMAX,231,,,E,
SZ000006717,18650704,TMAX,113,,,G,
UK000047811,18650704,TMAX,233,,,E,
UK000056225,18650704,TMAX,246,,,E,
USC00288878,18650704,TMAX,317,,,6,
AGE00135039,18650705,TMAX,255,,,E,
ASN00066062,18650705,TMAX,139,,,a,
ASN00086071,18650705,TMAX,144,,,a,
ASN00090015,18650705,TMAX,139,,,a,
AU000005901,18650705,TMAX,280,,,E,
BE000006447,18650705,TMAX,273,,,I,
CA006148100,18650705,TMAX,261,,,C,
CA006158350,18650705,TMAX,228,,,C,
EIE00101859,18650705,TMAX,250,,,E,
EZE00100082,18650705,TMAX,266,,,E,
GM000004204,18650705,TMAX,266,,,E,
GME00125218,18650705,TMAX,255,,,E,
GME00127462,18650705,TMAX,225,,,E,
ITE00100550,18650705,TMAX,338,,,E,
ITE00100554,18650705,TMAX,324,,,E,
SWE00139148,18650705,TMAX,259,,,E,
SZ000006717,18650705,TMAX,134,,,G,
UK000047811,18650705,TMAX,222,,,E,
UK000056225,18650705,TMAX,221,,,E,
USC00288878,18650705,TMAX,322,,,6,
AGE00135039,18650706,TMAX,250,,,E,
ASN00066062,18650706,TMAX,140,,,a,
ASN00086071,18650706,TMAX,144,,,a,
ASN00090015,18650706,TMAX,150,,,a,
AU000005901,18650706,TMAX,300,,,E,
BE000006447,18650706,TMAX,299,,,I,
CA006148100,18650706,TMAX,306,,,C,
CA006158350,18650706,TMAX,250,,,C,
EIE00101859,18650706,TMAX,217,,,E,
EZE00100082,18650706,TMAX,286,,,E,
GM000004204,18650706,TMAX,276,,,E,
GME00125218,18650706,TMAX,250,,,E,
GME00127462,18650706,TMAX,218,,,E,
ITE00100550,18650706,TMAX,348,,,E,
ITE00100554,18650706,TMAX,338,,,E,
SWE00139148,18650706,TMAX,268,,,E,
SZ000006717,18650706,TMAX,167,,,G,
UK000047811,18650706,TMAX,228,,,E,
UK000056225,18650706,TMAX,213,,,E,
USC00288878,18650706,TMAX,294,,,6,
AGE00135039,18650707,TMAX,260,,,E,
ASN00066062,18650707,TMAX,152,,,a,
ASN00086071,18650707,TMAX,150,,,a,
ASN00090015,18650707,TMAX,133,,,a,
AU000005901,18650707,TMAX,335,,,E,
BE000006447,18650707,TMAX,242,,,I,
CA006148100,18650707,TMAX,272,,,C,
CA006158350,18650707,TMAX,278,,,C,
EIE00101859,18650707,TMAX,211,,,E,
EZE00100082,18650707,TMAX,331,,,E,
GM000004204,18650707,TMAX,320,,,E,
GME00125218,18650707,TMAX,324,,,E,
GME00127462,18650707,TMAX,248,,,E,
ITE00100550,18650707,TMAX,346,,,E,
ITE00100554,18650707,TMAX,351,,,E,
SWE00139148,18650707,TMAX,270,,,E,
SZ000006717,18650707,TMAX,149,,,G,
UK000047811,18650707,TMAX,200,,,E,
UK000056225,18650707,TMAX,212,,,E,
USC00288878,18650707,TMAX,356,,,6,
AGE00135039,18650708,TMAX,270,,,E,
ASN00066062,18650708,TMAX,147,,,a,
ASN00086071,18650708,TMAX,143,,,a,
ASN00090015,18650708,TMAX,128,,,a,
AU000005901,18650708,TMAX,346,,,E,
BE000006447,18650708,TMAX,250,,,I,
CA006148100,18650708,TMAX,222,,,C,
CA006158350,18650708,TMAX,256,,,C,
EIE00101859,18650708,TMAX,200,,,E,
EZE00100082,18650708,TMAX,332,,,E,
GM000004204,18650708,TMAX,309,,,E,
GME00125218,18650708,TMAX,291,,,E,
GME00127462,18650708,TMAX,256,,,E,
ITE00100550,18650708,TMAX,348,,,E,
ITE00100554,18650708,TMAX,345,,,E,
SWE00139148,18650708,TMAX,246,,,E,
SZ000006717,18650708,TMAX,162,,,G,
UK000047811,18650708,TMAX,167,,,E,
UK000056225,18650708,TMAX,227,,,E,
USC00288878,18650708,TMAX,333,,,6,
ASN00066062,18650709,TMAX,163,,,a,
ASN00086071,18650709,TMAX,117,,,a,
ASN00090015,18650709,TMAX,117,,,a,
AU000005901,18650709,TMAX,311,,,E,
BE000006447,18650709,TMAX,239,,,I,
CA006158350,18650709,TMAX,228,,,C,
EIE00101859,18650709,TMAX,189,,,E,
EZE00100082,18650709,TMAX,279,,,E,
GM000004204,18650709,TMAX,281,,,E,
GME00125218,18650709,TMAX,269,,,E,
GME00127462,18650709,TMAX,219,,,E,
ITE00100550,18650709,TMAX,378,,,E,
ITE00100554,18650709,TMAX,341,,,E,
SWE00139148,18650709,TMAX,226,,,E,
SZ000006717,18650709,TMAX,141,,,G,
UK000047811,18650709,TMAX,183,,,E,
UK000056225,18650709,TMAX,196,,,E,
AGE00135039,18650710,TMAX,265,,,E,
ASN00066062,18650710,TMAX,159,,,a,
ASN00086071,18650710,TMAX,89,,,a,
ASN00090015,18650710,TMAX,133,,,a,
AU000005901,18650710,TMAX,295,,,E,
BE000006447,18650710,TMAX,200,,,I,
CA006148100,18650710,TMAX,228,,,C,
CA006158350,18650710,TMAX,222,,,C,
EIE00101859,18650710,TMAX,200,,,E,
EZE00100082,18650710,TMAX,227,,,E,
GM000004204,18650710,TMAX,208,,,E,
GME00125218,18650710,TMAX,205,,,E,
GME00127462,18650710,TMAX,196,,,E,
ITE00100550,18650710,TMAX,348,,,E,
ITE00100554,18650710,TMAX,331,,,E,
SWE00139148,18650710,TMAX,225,,,E,
SZ000006717,18650710,TMAX,72,,I,G,
UK000047811,18650710,TMAX,183,,,E,
UK000056225,18650710,TMAX,190,,,E,
USC00288878,18650710,TMAX,278,,,6,
AGE00135039,18650711,TMAX,290,,,E,
ASN00066062,18650711,TMAX,127,,,a,
ASN00086071,18650711,TMAX,94,,,a,
ASN00090015,18650711,TMAX,133,,,a,
AU000005901,18650711,TMAX,255,,,E,
BE000006447,18650711,TMAX,173,,,I,
CA006148100,18650711,TMAX,244,,,C,
CA006158350,18650711,TMAX,244,,,C,
EIE00101859,18650711,TMAX,194,,,E,
EZE00100082,18650711,TMAX,230,,,E,
GM000004204,18650711,TMAX,220,,,E,
GME00125218,18650711,TMAX,213,,,E,
GME00127462,18650711,TMAX,185,,,E,
ITE00100550,18650711,TMAX,335,,,E,
ITE00100554,18650711,TMAX,307,,,E,
SWE00139148,18650711,TMAX,198,,,E,
SZ000006717,18650711,TMAX,101,,,G,
UK000047811,18650711,TMAX,194,,,E,
UK000056225,18650711,TMAX,193,,,E,
USC00288878,18650711,TMAX,267,,,6,
AGE00135039,18650712,TMAX,300,,,E,
ASN00066062,18650712,TMAX,128,,,a,
ASN00086071,18650712,TMAX,83,,,a,
ASN00090015,18650712,TMAX,133,,,a,
AU000005901,18650712,TMAX,230,,,E,
BE000006447,18650712,TMAX,198,,,I,
CA006148100,18650712,TMAX,217,,,C,
CA006158350,18650712,TMAX,228,,,C,
EIE00101859,18650712,TMAX,189,,,E,
EZE00100082,18650712,TMAX,183,,,E,
GM000004204,18650712,TMAX,181,,,E,
GME00125218,18650712,TMAX,183,,,E,
GME00127462,18650712,TMAX,135,,,E,
ITE00100550,18650712,TMAX,294,,,E,
ITE00100554,18650712,TMAX,281,,,E,
SWE00139148,18650712,TMAX,230,,,E,
SZ000006717,18650712,TMAX,30,,,G,
UK000047811,18650712,TMAX,206,,,E,
UK000056225,18650712,TMAX,189,,,E,
USC00288878,18650712,TMAX,250,,,6,
AGE00135039,18650713,TMAX,280,,,E,
ASN00066062,18650713,TMAX,145,,,a,
ASN00086071,18650713,TMAX,91,,,a,
ASN00090015,18650713,TMAX,128,,,a,
AU000005901,18650713,TMAX,195,,,E,
BE000006447,18650713,TMAX,242,,,I,
CA006148100,18650713,TMAX,156,,,C,
CA006158350,18650713,TMAX,194,,,C,
EIE00101859,18650713,TMAX,200,,,E,
EZE00100082,18650713,TMAX,197,,,E,
GM000004204,18650713,TMAX,208,,,E,
GME00125218,18650713,TMAX,194,,,E,
GME00127462,18650713,TMAX,170,,,E,
ITE00100550,18650713,TMAX,300,,,E,
ITE00100554,18650713,TMAX,278,,,E,
SWE00139148,18650713,TMAX,249,,,E,
SZ000006717,18650713,TMAX,90,,,G,
UK000047811,18650713,TMAX,206,,,E,
UK000056225,18650713,TMAX,229,,,E,
USC00288878,18650713,TMAX,294,,,6,
AGE00135039,18650714,TMAX,270,,,E,
ASN00066062,18650714,TMAX,135,,,a,
ASN00086071,18650714,TMAX,122,,,a,
ASN00090015,18650714,TMAX,139,,,a,
AU000005901,18650714,TMAX,244,,,E,
BE000006447,18650714,TMAX,268,,,I,
CA006148100,18650714,TMAX,161,,,C,
CA006158350,18650714,TMAX,194,,,C,
EIE00101859,18650714,TMAX,200,,,E,
EZE00100082,18650714,TMAX,249,,,E,
GM000004204,18650714,TMAX,273,,,E,
GME00125218,18650714,TMAX,253,,,E,
GME00127462,18650714,TMAX,241,,,E,
ITE00100550,18650714,TMAX,325,,,E,
ITE00100554,18650714,TMAX,305,,,E,
SWE00139148,18650714,TMAX,217,,,E,
SZ000006717,18650714,TMAX,151,,,G,
UK000047811,18650714,TMAX,222,,,E,
UK000056225,18650714,TMAX,249,,,E,
USC00288878,18650714,TMAX,267,,,6,
AGE00135039,18650715,TMAX,310,,,E,
ASN00066062,18650715,TMAX,147,,,a,
ASN00086071,18650715,TMAX,127,,,a,
ASN00090015,18650715,TMAX,133,,,a,
AU000005901,18650715,TMAX,288,,,E,
BE000006447,18650715,TMAX,315,,,I,
CA006148100,18650715,TMAX,178,,,C,
CA006158350,18650715,TMAX,189,,,C,
EIE00101859,18650715,TMAX,206,,,E,
EZE00100082,18650715,TMAX,289,,,E,
GM000004204,18650715,TMAX,286,,,E,
GME00125218,18650715,TMAX,298,,,E,
GME00127462,18650715,TMAX,263,,,E,
ITE00100550,18650715,TMAX,335,,,E,
ITE00100554,18650715,TMAX,331,,,E,
SWE00139148,18650715,TMAX,244,,,E,
SZ000006717,18650715,TMAX,157,,,G,
UK000047811,18650715,TMAX,206,,,E,
UK000056225,18650715,TMAX,257,,,E,
USC00288878,18650715,TMAX,278,,,6,
ASN00066062,18650716,TMAX,129,,,a,
ASN00086071,18650716,TMAX,127,,,a,
ASN00090015,18650716,TMAX,133,,,a,
AU000005901,18650716,TMAX,303,,,E,
BE000006447,18650716,TMAX,309,,,I,
CA006158350,18650716,TMAX,178,,,C,
EIE00101859,18650716,TMAX,194,,,E,
EZE00100082,18650716,TMAX,312,,,E,
GM000004204,18650716,TMAX,315,,,E,
GME00125218,18650716,TMAX,314,,,E,
GME00127462,18650716,TMAX,279,,,E,
ITE00100550,18650716,TMAX,378,,,E,
ITE00100554,18650716,TMAX,341,,,E,
SWE00139148,18650716,TMAX,305,,,E,
SZ000006717,18650716,TMAX,169,,,G,
UK000047811,18650716,TMAX,206,,,E,
UK000056225,18650716,TMAX,218,,,E,
AGE00135039,18650717,TMAX,290,,,E,
ASN00066062,18650717,TMAX,150,,,a,
ASN00086071,18650717,TMAX,150,,,a,
ASN00090015,18650717,TMAX,178,,,a,
AU000005901,18650717,TMAX,315,,,E,
BE000006447,18650717,TMAX,286,,,I,
CA006148100,18650717,TMAX,206,,,C,
CA006158350,18650717,TMAX,228,,,C,
EIE00101859,18650717,TMAX,200,,,E,
EZE00100082,18650717,TMAX,312,,,E,
GM000004204,18650717,TMAX,319,,,E,
GME00125218,18650717,TMAX,303,,,E,
GME00127462,18650717,TMAX,275,,,E,
ITE00100550,18650717,TMAX,348,,,E,
ITE00100554,18650717,TMAX,347,,,E,
SWE00139148,18650717,TMAX,312,,,E,
SZ000006717,18650717,TMAX,173,,,G,
UK000047811,18650717,TMAX,178,,,E,
UK000056225,18650717,TMAX,196,,,E,
USC00288878,18650717,TMAX,267,,,6,
AGE00135039,18650718,TMAX,331,,,E,
ASN00066062,18650718,TMAX,161,,,a,
ASN00086071,18650718,TMAX,141,,,a,
ASN00090015,18650718,TMAX,156,,,a,
AU000005901,18650718,TMAX,341,,,E,
BE000006447,18650718,TMAX,255,,,I,
CA006148100,18650718,TMAX,244,,,C,
CA006158350,18650718,TMAX,278,,,C,
EIE00101859,18650718,TMAX,194,,,E,
EZE00100082,18650718,TMAX,327,,,E,
GM000004204,18650718,TMAX,295,,,E,
GME00125218,18650718,TMAX,298,,,E,
GME00127462,18650718,TMAX,275,,,E,
ITE00100550,18650718,TMAX,338,,,E,
ITE00100554,18650718,TMAX,348,,,E,
SWE00139148,18650718,TMAX,323,,,E,
SZ000006717,18650718,TMAX,137,,,G,
UK000047811,18650718,TMAX,194,,,E,
UK000056225,18650718,TMAX,207,,,E,
USC00288878,18650718,TMAX,289,,,6,
AGE00135039,18650719,TMAX,310,,,E,
ASN00066062,18650719,TMAX,186,,,a,
ASN00086071,18650719,TMAX,139,,,a,
ASN00090015,18650719,TMAX,122,,,a,
AU000005901,18650719,TMAX,344,,,E,
BE000006447,18650719,TMAX,262,,,I,
CA006148100,18650719,TMAX,183,,,C,
CA006158350,18650719,TMAX,206,,,C,
EIE00101859,18650719,TMAX,200,,,E,
EZE00100082,18650719,TMAX,337,,,E,
GM000004204,18650719,TMAX,316,,,E,
GME00125218,18650719,TMAX,308,,,E,
GME00127462,18650719,TMAX,259,,,E,
ITE00100550,18650719,TMAX,378,,,E,
ITE00100554,18650719,TMAX,349,,,E,
SWE00139148,18650719,TMAX,274,,,E,
SZ000006717,18650719,TMAX,134,,,G,
UK000047811,18650719,TMAX,194,,,E,
UK000056225,18650719,TMAX,213,,,E,
USC00288878,18650719,TMAX,289,,,6,
AGE00135039,18650720,TMAX,290,,,E,
ASN00066062,18650720,TMAX,148,,,a,
ASN00086071,18650720,TMAX,120,,,a,
ASN00090015,18650720,TMAX,133,,,a,
AU000005901,18650720,TMAX,329,,,E,
BE000006447,18650720,TMAX,252,,,I,
CA006148100,18650720,TMAX,250,,,C,
CA006158350,18650720,TMAX,244,,,C,
EIE00101859,18650720,TMAX,211,,,E,
EZE00100082,18650720,TMAX,352,,,E,
GM000004204,18650720,TMAX,329,,,E,
GME00125218,18650720,TMAX,323,,,E,
GME00127462,18650720,TMAX,308,,,E,
ITE00100550,18650720,TMAX,366,,,E,
ITE00100554,18650720,TMAX,360,,,E,
SWE00139148,18650720,TMAX,324,,,E,
SZ000006717,18650720,TMAX,136,,,G,
UK000047811,18650720,TMAX,206,,,E,
UK000056225,18650720,TMAX,226,,,E,
USC00288878,18650720,TMAX,333,,,6,
AGE00135039,18650721,TMAX,270,,,E,
ASN00066062,18650721,TMAX,131,,,a,
ASN00086071,18650721,TMAX,93,,,a,
ASN00090015,18650721,TMAX,139,,,a,
AU000005901,18650721,TMAX,335,,,E,
BE000006447,18650721,TMAX,255,,,I,
CA006148100,18650721,TMAX,233,,,C,
CA006158350,18650721,TMAX,211,,,C,
EIE00101859,18650721,TMAX,200,,,E,
EZE00100082,18650721,TMAX,334,,,E,
GM000004204,18650721,TMAX,323,,,E,
GME00125218,18650721,TMAX,340,,,E,
GME00127462,18650721,TMAX,310,,,E,
ITE00100550,18650721,TMAX,354,,,E,
ITE00100554,18650721,TMAX,328,,,E,
SWE00139148,18650721,TMAX,315,,,E,
SZ000006717,18650721,TMAX,108,,,G,
UK000047811,18650721,TMAX,172,,,E,
UK000056225,18650721,TMAX,251,,,E,
USC00288878,18650721,TMAX,333,,,6,
AGE00135039,18650722,TMAX,290,,,E,
ASN00066062,18650722,TMAX,133,,,a,
ASN00086071,18650722,TMAX,83,,,a,
ASN00090015,18650722,TMAX,144,,,a,
AU000005901,18650722,TMAX,320,,,E,
BE000006447,18650722,TMAX,233,,,I,
CA006148100,18650722,TMAX,250,,,C,
CA006158350,18650722,TMAX,217,,,C,
EIE00101859,18650722,TMAX,206,,,E,
EZE00100082,18650722,TMAX,278,,,E,
GM000004204,18650722,TMAX,258,,,E,
GME00125218,18650722,TMAX,259,,,E,
GME00127462,18650722,TMAX,294,,,E,
ITE00100550,18650722,TMAX,305,,,E,
ITE00100554,18650722,TMAX,301,,,E,
SWE00139148,18650722,TMAX,355,,,E,
SZ000006717,18650722,TMAX,81,,,G,
UK000047811,18650722,TMAX,233,,,E,
UK000056225,18650722,TMAX,220,,,E,
USC00288878,18650722,TMAX,311,,,6,
ASN00066062,18650723,TMAX,136,,,a,
ASN00086071,18650723,TMAX,122,,,a,
ASN00090015,18650723,TMAX,139,,,a,
AU000005901,18650723,TMAX,248,,,E,
BE000006447,18650723,TMAX,233,,,I,
CA006158350,18650723,TMAX,256,,,C,
EIE00101859,18650723,TMAX,222,,,E,
EZE00100082,18650723,TMAX,247,,,E,
GM000004204,18650723,TMAX,260,,,E,
GME00125218,18650723,TMAX,259,,,E,
GME00127462,18650723,TMAX,225,,,E,
ITE00100550,18650723,TMAX,338,,,E,
ITE00100554,18650723,TMAX,319,,,E,
SWE00139148,18650723,TMAX,348,,,E,
SZ000006717,18650723,TMAX,113,,,G,
UK000047811,18650723,TMAX,233,,,E,
UK000056225,18650723,TMAX,263,,,E,
AGE00135039,18650724,TMAX,267,,,E,
ASN00066062,18650724,TMAX,148,,,a,
ASN00086071,18650724,TMAX,139,,,a,
ASN00090015,18650724,TMAX,128,,,a,
AU000005901,18650724,TMAX,291,,,E,
BE000006447,18650724,TMAX,224,,,I,
CA006148100,18650724,TMAX,239,,,C,
CA006158350,18650724,TMAX,239,,,C,
EIE00101859,18650724,TMAX,228,,,E,
EZE00100082,18650724,TMAX,290,,,E,
GM000004204,18650724,TMAX,268,,,E,
GME00125218,18650724,TMAX,283,,,E,
GME00127462,18650724,TMAX,260,,,E,
ITE00100550,18650724,TMAX,323,,,E,
ITE00100554,18650724,TMAX,285,,,E,
SWE00139148,18650724,TMAX,360,,,E,
SZ000006717,18650724,TMAX,72,,,G,
UK000047811,18650724,TMAX,217,,,E,
UK000056225,18650724,TMAX,262,,,E,
USC00288878,18650724,TMAX,294,,,6,
AGE00135039,18650725,TMAX,260,,,E,
ASN00066062,18650725,TMAX,168,,,a,
ASN00086071,18650725,TMAX,109,,,a,
ASN00090015,18650725,TMAX,111,,,a,
AU000005901,18650725,TMAX,310,,,E,
BE000006447,18650725,TMAX,232,,,I,
CA006148100,18650725,TMAX,244,,,C,
CA006158350,18650725,TMAX,272,,,C,
EIE00101859,18650725,TMAX,211,,,E,
EZE00100082,18650725,TMAX,295,,,E,
GM000004204,18650725,TMAX,271,,,E,
GME00125218,18650725,TMAX,291,,,E,
GME00127462,18650725,TMAX,248,,,E,
ITE00100550,18650725,TMAX,263,,,E,
ITE00100554,18650725,TMAX,258,,,E,
SWE00139148,18650725,TMAX,309,,,E,
SZ000006717,18650725,TMAX,56,,,G,
UK000047811,18650725,TMAX,222,,,E,
UK000056225,18650725,TMAX,261,,,E,
USC00288878,18650725,TMAX,333,,,6,
AGE00135039,18650726,TMAX,260,,,E,
ASN00066062,18650726,TMAX,142,,,a,
ASN00086071,18650726,TMAX,131,,,a,
ASN00090015,18650726,TMAX,156,,,a,
AU000005901,18650726,TMAX,293,,,E,
BE000006447,18650726,TMAX,244,,,I,
CA006148100,18650726,TMAX,250,,,C,
CA006158350,18650726,TMAX,278,,,C,
EIE00101859,18650726,TMAX,228,,,E,
EZE00100082,18650726,TMAX,293,,,E,
GM000004204,18650726,TMAX,260,,,E,
GME00125218,18650726,TMAX,288,,,E,
GME00127462,18650726,TMAX,241,,,E,
ITE00100550,18650726,TMAX,263,,,E,
ITE00100554,18650726,TMAX,283,,,E,
SWE00139148,18650726,TMAX,285,,,E,
SZ000006717,18650726,TMAX,64,,,G,
UK000047811,18650726,TMAX,194,,,E,
UK000056225,18650726,TMAX,257,,,E,
USC00288878,18650726,TMAX,317,,,6,
AGE00135039,18650727,TMAX,255,,,E,
ASN00066062,18650727,TMAX,131,,,a,
ASN00086071,18650727,TMAX,143,,,a,
ASN00090015,18650727,TMAX,133,,,a,
AU000005901,18650727,TMAX,305,,,E,
BE000006447,18650727,TMAX,254,,,I,
CA006148100,18650727,TMAX,256,,,C,
CA006158350,18650727,TMAX,278,,,C,
EIE00101859,18650727,TMAX,211,,,E,
EZE00100082,18650727,TMAX,295,,,E,
GM000004204,18650727,TMAX,271,,,E,
GME00125218,18650727,TMAX,268,,,E,
GME00127462,18650727,TMAX,250,,,E,
ITE00100550,18650727,TMAX,298,,,E,
ITE00100554,18650727,TMAX,318,,,E,
SWE00139148,18650727,TMAX,292,,,E,
SZ000006717,18650727,TMAX,115,,,G,
UK000047811,18650727,TMAX,200,,,E,
UK000056225,18650727,TMAX,212,,,E,
USC00288878,18650727,TMAX,322,,,6,
AGE00135039,18650728,TMAX,260,,,E,
ASN00066062,18650728,TMAX,149,,,a,
ASN00086071,18650728,TMAX,145,,,a,
ASN00090015,18650728,TMAX,167,,,a,
AU000005901,18650728,TMAX,310,,,E,
BE000006447,18650728,TMAX,216,,,I,
CA006148100,18650728,TMAX,256,,,C,
CA006158350,18650728,TMAX,283,,,C,
EIE00101859,18650728,TMAX,200,,,E,
EZE00100082,18650728,TMAX,296,,,E,
GM000004204,18650728,TMAX,230,,,E,
GME00125218,18650728,TMAX,258,,,E,
GME00127462,18650728,TMAX,219,,,E,
ITE00100550,18650728,TMAX,310,,,E,
ITE00100554,18650728,TMAX,315,,,E,
SWE00139148,18650728,TMAX,241,,,E,
SZ000006717,18650728,TMAX,108,,,G,
UK000047811,18650728,TMAX,189,,,E,
UK000056225,18650728,TMAX,223,,,E,
USC00288878,18650728,TMAX,-178,,G,6,
AGE00135039,18650729,TMAX,273,,,E,
ASN00066062,18650729,TMAX,183,,,a,
ASN00086071,18650729,TMAX,139,,,a,
ASN00090015,18650729,TMAX,128,,,a,
AU000005901,18650729,TMAX,279,,,E,
BE000006447,18650729,TMAX,226,,,I,
CA006148100,18650729,TMAX,189,,,C,
CA006158350,18650729,TMAX,239,,,C,
EIE00101859,18650729,TMAX,189,,,E,
EZE00100082,18650729,TMAX,247,,,E,
GM000004204,18650729,TMAX,228,,,E,
GME00125218,18650729,TMAX,223,,,E,
GME00127462,18650729,TMAX,163,,,E,
ITE00100550,18650729,TMAX,294,,,E,
ITE00100554,18650729,TMAX,317,,,E,
SWE00139148,18650729,TMAX,192,,,E,
SZ000006717,18650729,TMAX,110,,,G,
UK000047811,18650729,TMAX,183,,,E,
UK000056225,18650729,TMAX,206,,,E,
USC00288878,18650729,TMAX,350,,,6,
ASN00066062,18650730,TMAX,152,,,a,
ASN00086071,18650730,TMAX,150,,,a,
ASN00090015,18650730,TMAX,122,,,a,
AU000005901,18650730,TMAX,310,,,E,
BE000006447,18650730,TMAX,222,,,I,
CA006158350,18650730,TMAX,194,,,C,
EIE00101859,18650730,TMAX,183,,,E,
EZE00100082,18650730,TMAX,273,,,E,
GM000004204,18650730,TMAX,251,,,E,
GME00125218,18650730,TMAX,263,,,E,
GME00127462,18650730,TMAX,168,,,E,
ITE00100550,18650730,TMAX,313,,,E,
ITE00100554,18650730,TMAX,326,,,E,
SWE00139148,18650730,TMAX,171,,,E,
SZ000006717,18650730,TMAX,142,,,G,
UK000047811,18650730,TMAX,161,,,E,
UK000056225,18650730,TMAX,146,,,E,
AGE00135039,18650731,TMAX,295,,,E,
ASN00066062,18650731,TMAX,132,,,a,
ASN00086071,18650731,TMAX,121,,,a,
ASN00090015,18650731,TMAX,128,,,a,
AU000005901,18650731,TMAX,294,,,E,
BE000006447,18650731,TMAX,237,,,I,
CA006148100,18650731,TMAX,250,,,C,
CA006158350,18650731,TMAX,206,,,C,
EIE00101859,18650731,TMAX,178,,,E,
EZE00100082,18650731,TMAX,262,,,E,
GM000004204,18650731,TMAX,236,,,E,
GME00125218,18650731,TMAX,228,,,E,
GME00127462,18650731,TMAX,173,,,E,
ITE00100550,18650731,TMAX,315,,,E,
ITE00100554,18650731,TMAX,306,,,E,
SWE00139148,18650731,TMAX,193,,,E,
SZ000006717,18650731,TMAX,133,,,G,
UK000047811,18650731,TMAX,156,,,E,
UK000056225,18650731,TMAX,169,,,E,
USC00288878,18650731,TMAX,311,,,6,
AGE00135039,18650801,TMAX,320,,,E,
ASN00066062,18650801,TMAX,144,,,a,
ASN00086071,18650801,TMAX,117,,,a,
ASN00090015,18650801,TMAX,128,,,a,
AU000005901,18650801,TMAX,316,,,E,
BE000006447,18650801,TMAX,183,,,I,
CA006148100,18650801,TMAX,278,,,C,
CA006158350,18650801,TMAX,239,,,C,
EIE00101859,18650801,TMAX,194,,,E,
EZE00100082,18650801,TMAX,252,,,E,
GM000004204,18650801,TMAX,235,,,E,
GME00125218,18650801,TMAX,256,,,E,
GME00127462,18650801,TMAX,194,,,E,
ITE00100550,18650801,TMAX,321,,,E,
ITE00100554,18650801,TMAX,322,,,E,
SWE00139148,18650801,TMAX,206,,,E,
SZ000006717,18650801,TMAX,94,,,G,
UK000047811,18650801,TMAX,150,,,E,
UK000056225,18650801,TMAX,164,,,E,
USC00288878,18650801,TMAX,289,,,6,
AGE00135039,18650802,TMAX,290,,,E,
ASN00066062,18650802,TMAX,158,,,a,
ASN00086071,18650802,TMAX,111,,,a,
ASN00090015,18650802,TMAX,122,,,a,
AU000005901,18650802,TMAX,253,,,E,
BE000006447,18650802,TMAX,200,,,I,
CA006148100,18650802,TMAX,306,,,C,
CA006158350,18650802,TMAX,272,,,C,
EIE00101859,18650802,TMAX,200,,,E,
EZE00100082,18650802,TMAX,199,,,E,
GM000004204,18650802,TMAX,233,,,E,
GME00125218,18650802,TMAX,230,,,E,
GME00127462,18650802,TMAX,200,,,E,
ITE00100550,18650802,TMAX,334,,,E,
ITE00100554,18650802,TMAX,313,,,E,
SWE00139148,18650802,TMAX,185,,,E,
SZ000006717,18650802,TMAX,100,,,G,
UK000047811,18650802,TMAX,178,,,E,
UK000056225,18650802,TMAX,151,,,E,
USC00288878,18650802,TMAX,322,,,6,
AGE00135039,18650803,TMAX,288,,,E,
ASN00066062,18650803,TMAX,132,,,a,
ASN00086071,18650803,TMAX,122,,,a,
ASN00090015,18650803,TMAX,128,,,a,
AU000005901,18650803,TMAX,253,,,E,
BE000006447,18650803,TMAX,178,,,I,
CA006148100,18650803,TMAX,283,,,C,
CA006158350,18650803,TMAX,311,,,C,
EIE00101859,18650803,TMAX,189,,,E,
EZE00100082,18650803,TMAX,189,,,E,
GM000004204,18650803,TMAX,205,,,E,
GME00125218,18650803,TMAX,219,,,E,
GME00127462,18650803,TMAX,211,,,E,
ITE00100550,18650803,TMAX,304,,,E,
ITE00100554,18650803,TMAX,285,,,E,
SWE00139148,18650803,TMAX,211,,,E,
SZ000006717,18650803,TMAX,58,,,G,
UK000047811,18650803,TMAX,189,,,E,
UK000056225,18650803,TMAX,179,,,E,
USC00288878,18650803,TMAX,339,,,6,
AGE00135039,18650804,TMAX,265,,,E,
ASN00066062,18650804,TMAX,162,,,a,
ASN00086071,18650804,TMAX,128,,,a,
ASN00090015,18650804,TMAX,144,,,a,
AU000005901,18650804,TMAX,230,,,E,
BE000006447,18650804,TMAX,179,,,I,
CA006148100,18650804,TMAX,239,,,C,
CA006158350,18650804,TMAX,239,,,C,
EIE00101859,18650804,TMAX,183,,,E,
EZE00100082,18650804,TMAX,171,,,E,
GM000004204,18650804,TMAX,190,,,E,
GME00125218,18650804,TMAX,195,,,E,
GME00127462,18650804,TMAX,166,,,E,
ITE00100550,18650804,TMAX,269,,,E,
ITE00100554,18650804,TMAX,261,,,E,
SWE00139148,18650804,TMAX,234,,,E,
SZ000006717,18650804,TMAX,22,,,G,
UK000047811,18650804,TMAX,189,,,E,
UK000056225,18650804,TMAX,213,,,E,
USC00288878,18650804,TMAX,356,,,6,
AGE00135039,18650805,TMAX,260,,,E,
ASN00066062,18650805,TMAX,138,,,a,
ASN00086071,18650805,TMAX,143,,,a,
ASN00090015,18650805,TMAX,167,,,a,
AU000005901,18650805,TMAX,180,,,E,
BE000006447,18650805,TMAX,187,,,I,
CA006148100,18650805,TMAX,261,,,C,
CA006158350,18650805,TMAX,267,,,C,
EIE00101859,18650805,TMAX,189,,,E,
EZE00100082,18650805,TMAX,170,,,E,
GM000004204,18650805,TMAX,146,,,E,
GME00125218,18650805,TMAX,166,,,E,
GME00127462,18650805,TMAX,148,,,E,
ITE00100550,18650805,TMAX,275,,,E,
ITE00100554,18650805,TMAX,267,,,E,
SWE00139148,18650805,TMAX,252,,,E,
SZ000006717,18650805,TMAX,24,,,G,
UK000047811,18650805,TMAX,206,,,E,
UK000056225,18650805,TMAX,212,,,E,
USC00288878,18650805,TMAX,322,,,6,
ASN00066062,18650806,TMAX,137,,,a,
ASN00086071,18650806,TMAX,167,,,a,
ASN00090015,18650806,TMAX,150,,,a,
AU000005901,18650806,TMAX,191,,,E,
BE000006447,18650806,TMAX,206,,,I,
CA006158350,18650806,TMAX,256,,,C,
EIE00101859,18650806,TMAX,194,,,E,
EZE00100082,18650806,TMAX,154,,,E,
GM000004204,18650806,TMAX,159,,,E,
GME00125218,18650806,TMAX,161,,,E,
GME00127462,18650806,TMAX,183,,,E,
ITE00100550,18650806,TMAX,298,,,E,
ITE00100554,18650806,TMAX,277,,,E,
SWE00139148,18650806,TMAX,200,,,E,
SZ000006717,18650806,TMAX,69,,,G,
UK000047811,18650806,TMAX,189,,,E,
UK000056225,18650806,TMAX,219,,,E,
AGE00135039,18650807,TMAX,257,,,E,
ASN00066062,18650807,TMAX,149,,,a,
ASN00086071,18650807,TMAX,167,,,a,
ASN00090015,18650807,TMAX,183,,,a,
AU000005901,18650807,TMAX,201,,,E,
BE000006447,18650807,TMAX,215,,,I,
CA006148100,18650807,TMAX,244,,,C,
CA006158350,18650807,TMAX,239,,,C,
EIE00101859,18650807,TMAX,189,,,E,
EZE00100082,18650807,TMAX,202,,,E,
GM000004204,18650807,TMAX,210,,,E,
GME00125218,18650807,TMAX,198,,,E,
GME00127462,18650807,TMAX,174,,,E,
ITE00100550,18650807,TMAX,225,,,E,
ITE00100554,18650807,TMAX,285,,,E,
SWE00139148,18650807,TMAX,145,,,E,
SZ000006717,18650807,TMAX,44,,,G,
UK000047811,18650807,TMAX,206,,,E,
UK000056225,18650807,TMAX,191,,,E,
USC00288878,18650807,TMAX,311,,,6,
AGE00135039,18650808,TMAX,260,,,E,
ASN00066062,18650808,TMAX,150,,,a,
ASN00086071,18650808,TMAX,177,,,a,
ASN00090015,18650808,TMAX,167,,,a,
AU000005901,18650808,TMAX,243,,,E,
BE000006447,18650808,TMAX,209,,,I,
CA006148100,18650808,TMAX,239,,,C,
CA006158350,18650808,TMAX,244,,,C,
EIE00101859,18650808,TMAX,200,,,E,
EZE00100082,18650808,TMAX,201,,,E,
GM000004204,18650808,TMAX,203,,,E,
GME00125218,18650808,TMAX,194,,,E,
GME00127462,18650808,TMAX,140,,,E,
ITE00100550,18650808,TMAX,265,,,E,
ITE00100554,18650808,TMAX,282,,,E,
SWE00139148,18650808,TMAX,222,,,E,
SZ000006717,18650808,TMAX,45,,,G,
UK000047811,18650808,TMAX,194,,,E,
UK000056225,18650808,TMAX,231,,,E,
USC00288878,18650808,TMAX,289,,,6,
AGE00135039,18650809,TMAX,295,,,E,
ASN00066062,18650809,TMAX,166,,,a,
ASN00086071,18650809,TMAX,165,,,a,
ASN00090015,18650809,TMAX,167,,,a,
AU000005901,18650809,TMAX,238,,,E,
BE000006447,18650809,TMAX,226,,,I,
CA006148100,18650809,TMAX,250,,,C,
CA006158350,18650809,TMAX,256,,,C,
EIE00101859,18650809,TMAX,194,,,E,
EZE00100082,18650809,TMAX,199,,,E,
GM000004204,18650809,TMAX,191,,,E,
GME00125218,18650809,TMAX,193,,,E,
GME00127462,18650809,TMAX,199,,,E,
ITE00100550,18650809,TMAX,313,,,E,
ITE00100554,18650809,TMAX,298,,,E,
SWE00139148,18650809,TMAX,164,,,E,
SZ000006717,18650809,TMAX,113,,,G,
UK000047811,18650809,TMAX,183,,,E,
UK000056225,18650809,TMAX,197,,,E,
USC00288878,18650809,TMAX,311,,,6,
AGE00135039,18650810,TMAX,263,,,E,
ASN00066062,18650810,TMAX,158,,,a,
ASN00086071,18650810,TMAX,144,,,a,
ASN00090015,18650810,TMAX,200,,,a,
AU000005901,18650810,TMAX,251,,,E,
BE000006447,18650810,TMAX,259,,,I,
CA006148100,18650810,TMAX,239,,,C,
CA006158350,18650810,TMAX,272,,,C,
EIE00101859,18650810,TMAX,200,,,E,
EZE00100082,18650810,TMAX,236,,,E,
GM000004204,18650810,TMAX,236,,,E,
GME00125218,18650810,TMAX,225,,,E,
GME00127462,18650810,TMAX,173,,,E,
ITE00100550,18650810,TMAX,321,,,E,
ITE00100554,18650810,TMAX,284,,,E,
SWE00139148,18650810,TMAX,192,,,E,
SZ000006717,18650810,TMAX,66,,,G,
UK000047811,18650810,TMAX,194,,,E,
UK000056225,18650810,TMAX,197,,,E,
USC00288878,18650810,TMAX,278,,,6,
AGE00135039,18650811,TMAX,260,,,E,
ASN00066062,18650811,TMAX,169,,,a,
ASN00086071,18650811,TMAX,161,,,a,
ASN00090015,18650811,TMAX,167,,,a,
AU000005901,18650811,TMAX,285,,,E,
BE000006447,18650811,TMAX,240,,,I,
CA006148100,18650811,TMAX,183,,,C,
CA006158350,18650811,TMAX,178,,,C,
EIE00101859,18650811,TMAX,194,,,E,
EZE00100082,18650811,TMAX,265,,,E,
GM000004204,18650811,TMAX,271,,,E,
GME00125218,18650811,TMAX,275,,,E,
GME00127462,18650811,TMAX,200,,,E,
ITE00100550,18650811,TMAX,291,,,E,
ITE00100554,18650811,TMAX,263,,,E,
SWE00139148,18650811,TMAX,210,,,E,
SZ000006717,18650811,TMAX,67,,,G,
UK000047811,18650811,TMAX,178,,,E,
UK000056225,18650811,TMAX,183,,,E,
USC00288878,18650811,TMAX,311,,,6,
AGE00135039,18650812,TMAX,265,,,E,
ASN00066062,18650812,TMAX,158,,,a,
ASN00086071,18650812,TMAX,200,,,a,
ASN00090015,18650812,TMAX,178,,,a,
AU000005901,18650812,TMAX,295,,,E,
BE000006447,18650812,TMAX,242,,,I,
CA006148100,18650812,TMAX,228,,,C,
CA006158350,18650812,TMAX,200,,,C,
EIE00101859,18650812,TMAX,178,,,E,
EZE00100082,18650812,TMAX,289,,,E,
GM000004204,18650812,TMAX,263,,,E,
GME00125218,18650812,TMAX,283,,,E,
GME00127462,18650812,TMAX,196,,,E,
ITE00100550,18650812,TMAX,300,,,E,
ITE00100554,18650812,TMAX,282,,,E,
SWE00139148,18650812,TMAX,265,,,E,
SZ000006717,18650812,TMAX,128,,,G,
UK000047811,18650812,TMAX,183,,,E,
UK000056225,18650812,TMAX,207,,,E,
USC00288878,18650812,TMAX,289,,,6,
ASN00066062,18650813,TMAX,188,,,a,
ASN00086071,18650813,TMAX,157,,,a,
ASN00090015,18650813,TMAX,144,,,a,
AU000005901,18650813,TMAX,316,,,E,
BE000006447,18650813,TMAX,234,,,I,
CA006158350,18650813,TMAX,233,,,C,
EIE00101859,18650813,TMAX,172,,,E,
EZE00100082,18650813,TMAX,304,,,E,
GM000004204,18650813,TMAX,290,,,E,
GME00125218,18650813,TMAX,293,,,E,
GME00127462,18650813,TMAX,244,,,E,
ITE00100550,18650813,TMAX,328,,,E,
ITE00100554,18650813,TMAX,297,,,E,
SWE00139148,18650813,TMAX,270,,,E,
SZ000006717,18650813,TMAX,118,,,G,
UK000047811,18650813,TMAX,194,,,E,
UK000056225,18650813,TMAX,202,,,E,
AGE00135039,18650814,TMAX,270,,,E,
ASN00066062,18650814,TMAX,177,,,a,
ASN00086071,18650814,TMAX,127,,,a,
ASN00090015,18650814,TMAX,139,,,a,
AU000005901,18650814,TMAX,290,,,E,
BE000006447,18650814,TMAX,228,,,I,
CA006148100,18650814,TMAX,267,,,C,
CA006158350,18650814,TMAX,250,,,C,
EIE00101859,18650814,TMAX,167,,,E,
EZE00100082,18650814,TMAX,226,,,E,
GM000004204,18650814,TMAX,203,,,E,
GME00125218,18650814,TMAX,223,,,E,
GME00127462,18650814,TMAX,188,,,E,
ITE00100550,18650814,TMAX,300,,,E,
ITE00100554,18650814,TMAX,273,,,E,
SWE00139148,18650814,TMAX,222,,,E,
SZ000006717,18650814,TMAX,61,,I,G,
UK000047811,18650814,TMAX,189,,,E,
UK000056225,18650814,TMAX,208,,,E,
USC00288878,18650814,TMAX,289,,,6,
ASN00066062,18650815,TMAX,141,,,a,
ASN00086071,18650815,TMAX,133,,,a,
ASN00090015,18650815,TMAX,139,,,a,
AU000005901,18650815,TMAX,223,,,E,
BE000006447,18650815,TMAX,208,,,I,
CA006148100,18650815,TMAX,267,,,C,
CA006158350,18650815,TMAX,300,,,C,
EIE00101859,18650815,TMAX,178,,,E,
EZE00100082,18650815,TMAX,228,,,E,
GM000004204,18650815,TMAX,223,,,E,
GME00125218,18650815,TMAX,238,,,E,
GME00127462,18650815,TMAX,220,,,E,
ITE00100550,18650815,TMAX,285,,,E,
ITE00100554,18650815,TMAX,274,,,E,
SWE00139148,18650815,TMAX,170,,,E,
SZ000006717,18650815,TMAX,86,,,G,
UK000047811,18650815,TMAX,183,,,E,
UK000056225,18650815,TMAX,191,,,E,
USC00288878,18650815,TMAX,311,,,6,
AGE00135039,18650816,TMAX,257,,,E,
ASN00066062,18650816,TMAX,152,,,a,
ASN00086071,18650816,TMAX,137,,,a,
ASN00090015,18650816,TMAX,139,,,a,
AU000005901,18650816,TMAX,276,,,E,
BE000006447,18650816,TMAX,209,,,I,
CA006148100,18650816,TMAX,217,,,C,
CA006158350,18650816,TMAX,233,,,C,
EIE00101859,18650816,TMAX,183,,,E,
EZE00100082,18650816,TMAX,236,,,E,
GM000004204,18650816,TMAX,230,,,E,
GME00125218,18650816,TMAX,238,,,E,
GME00127462,18650816,TMAX,208,,,E,
ITE00100550,18650816,TMAX,298,,,E,
ITE00100554,18650816,TMAX,273,,,E,
SWE00139148,18650816,TMAX,212,,,E,
SZ000006717,18650816,TMAX,92,,,G,
UK000047811,18650816,TMAX,167,,,E,
UK000056225,18650816,TMAX,187,,,E,
USC00288878,18650816,TMAX,322,,,6,
AGE00135039,18650817,TMAX,260,,,E,
ASN00066062,18650817,TMAX,171,,,a,
ASN00086071,18650817,TMAX,117,,,a,
ASN00090015,18650817,TMAX,139,,,a,
AU000005901,18650817,TMAX,216,,,E,
BE000006447,18650817,TMAX,193,,,I,
CA006148100,18650817,TMAX,239,,,C,
CA006158350,18650817,TMAX,211,,,C,
EIE00101859,18650817,TMAX,189,,,E,
EZE00100082,18650817,TMAX,207,,,E,
GM000004204,18650817,TMAX,199,,,E,
GME00125218,18650817,TMAX,205,,,E,
GME00127462,18650817,TMAX,199,,,E,
ITE00100550,18650817,TMAX,303,,,E,
ITE00100554,18650817,TMAX,288,,,E,
SWE00139148,18650817,TMAX,211,,,E,
SZ000006717,18650817,TMAX,52,,,G,
UK000047811,18650817,TMAX,206,,,E,
UK000056225,18650817,TMAX,203,,,E,
USC00288878,18650817,TMAX,267,,,6,
AGE00135039,18650818,TMAX,265,,,E,
ASN00066062,18650818,TMAX,144,,,a,
ASN00086071,18650818,TMAX,162,,,a,
ASN00090015,18650818,TMAX,200,,,a,
AU000005901,18650818,TMAX,226,,,E,
BE000006447,18650818,TMAX,193,,,I,
CA006148100,18650818,TMAX,244,,,C,
CA006158350,18650818,TMAX,233,,,C,
EIE00101859,18650818,TMAX,178,,,E,
EZE00100082,18650818,TMAX,192,,,E,
GM000004204,18650818,TMAX,189,,,E,
GME00125218,18650818,TMAX,193,,,E,
GME00127462,18650818,TMAX,164,,,E,
ITE00100550,18650818,TMAX,300,,,E,
ITE00100554,18650818,TMAX,274,,,E,
SWE00139148,18650818,TMAX,188,,,E,
SZ000006717,18650818,TMAX,72,,,G,
UK000047811,18650818,TMAX,194,,,E,
UK000056225,18650818,TMAX,216,,,E,
USC00288878,18650818,TMAX,278,,,6,
AGE00135039,18650819,TMAX,233,,,E,
ASN00066062,18650819,TMAX,163,,,a,
ASN00086071,18650819,TMAX,171,,,a,
ASN00090015,18650819,TMAX,183,,,a,
AU000005901,18650819,TMAX,194,,,E,
BE000006447,18650819,TMAX,210,,,I,
CA006148100,18650819,TMAX,261,,,C,
CA006158350,18650819,TMAX,261,,,C,
EIE00101859,18650819,TMAX,172,,,E,
EZE00100082,18650819,TMAX,177,,,E,
GM000004204,18650819,TMAX,196,,,E,
GME00125218,18650819,TMAX,160,,,E,
GME00127462,18650819,TMAX,150,,,E,
ITE00100550,18650819,TMAX,298,,,E,
ITE00100554,18650819,TMAX,299,,,E,
SWE00139148,18650819,TMAX,160,,,E,
SZ000006717,18650819,TMAX,50,,,G,
UK000047811,18650819,TMAX,200,,,E,
UK000056225,18650819,TMAX,219,,,E,
USC00288878,18650819,TMAX,300,,,6,
ASN00066062,18650820,TMAX,165,,,a,
ASN00086071,18650820,TMAX,203,,,a,
ASN00090015,18650820,TMAX,178,,,a,
AU000005901,18650820,TMAX,214,,,E,
BE000006447,18650820,TMAX,229,,,I,
CA006158350,18650820,TMAX,250,,,C,
EIE00101859,18650820,TMAX,183,,,E,
EZE00100082,18650820,TMAX,187,,,E,
GM000004204,18650820,TMAX,206,,,E,
GME00125218,18650820,TMAX,168,,,E,
GME00127462,18650820,TMAX,183,,,E,
ITE00100550,18650820,TMAX,285,,,E,
ITE00100554,18650820,TMAX,277,,,E,
SWE00139148,18650820,TMAX,178,,,E,
SZ000006717,18650820,TMAX,101,,,G,
UK000047811,18650820,TMAX,211,,,E,
UK000056225,18650820,TMAX,219,,,E,
AGE00135039,18650821,TMAX,290,,,E,
ASN00066062,18650821,TMAX,228,,,a,
ASN00086071,18650821,TMAX,213,,,a,
ASN00090015,18650821,TMAX,200,,,a,
AU000005901,18650821,TMAX,245,,,E,
BE000006447,18650821,TMAX,208,,,I,
CA006148100,18650821,TMAX,222,,,C,
CA006158350,18650821,TMAX,244,,,C,
EIE00101859,18650821,TMAX,178,,,E,
EZE00100082,18650821,TMAX,230,,,E,
GM000004204,18650821,TMAX,201,,,E,
GME00125218,18650821,TMAX,205,,,E,
GME00127462,18650821,TMAX,181,,,E,
ITE00100550,18650821,TMAX,281,,,E,
ITE00100554,18650821,TMAX,287,,,E,
SWE00139148,18650821,TMAX,194,,,E,
SZ000006717,18650821,TMAX,109,,,G,
UK000047811,18650821,TMAX,217,,,E,
UK000056225,18650821,TMAX,214,,,E,
USC00288878,18650821,TMAX,333,,,6,
AGE00135039,18650822,TMAX,320,,,E,
ASN00066062,18650822,TMAX,243,,,a,
ASN00086071,18650822,TMAX,144,,,a,
ASN00090015,18650822,TMAX,117,,,a,
AU000005901,18650822,TMAX,256,,,E,
BE000006447,18650822,TMAX,218,,,I,
CA006148100,18650822,TMAX,172,,,C,
CA006158350,18650822,TMAX,189,,,C,
EIE00101859,18650822,TMAX,189,,,E,
EZE00100082,18650822,TMAX,209,,,E,
GM000004204,18650822,TMAX,198,,,E,
GME00125218,18650822,TMAX,183,,,E,
GME00127462,18650822,TMAX,183,,,E,
ITE00100550,18650822,TMAX,298,,,E,
ITE00100554,18650822,TMAX,258,,,E,
SWE00139148,18650822,TMAX,194,,,E,
SZ000006717,18650822,TMAX,103,,,G,
UK000047811,18650822,TMAX,183,,,E,
UK000056225,18650822,TMAX,183,,,E,
USC00288878,18650822,TMAX,289,,,6,
AGE00135039,18650823,TMAX,295,,,E,
ASN00066062,18650823,TMAX,179,,,a,
ASN00086071,18650823,TMAX,153,,,a,
ASN00090015,18650823,TMAX,133,,,a,
AU000005901,18650823,TMAX,234,,,E,
BE000006447,18650823,TMAX,205,,,I,
CA006148100,18650823,TMAX,156,,,C,
CA006158350,18650823,TMAX,167,,,C,
EIE00101859,18650823,TMAX,178,,,E,
EZE00100082,18650823,TMAX,185,,,E,
GM000004204,18650823,TMAX,210,,,E,
GME00125218,18650823,TMAX,214,,,E,
GME00127462,18650823,TMAX,178,,,E,
ITE00100550,18650823,TMAX,335,,,E,
ITE00100554,18650823,TMAX,279,,,E,
SWE00139148,18650823,TMAX,190,,,E,
SZ000006717,18650823,TMAX,121,,,G,
UK000047811,18650823,TMAX,183,,,E,
UK000056225,18650823,TMAX,213,,,E,
USC00288878,18650823,TMAX,222,,,6,
AGE00135039,18650824,TMAX,300,,,E,
ASN00066062,18650824,TMAX,198,,,a,
ASN00086071,18650824,TMAX,139,,,a,
ASN00090015,18650824,TMAX,189,,,a,
AU000005901,18650824,TMAX,241,,,E,
BE000006447,18650824,TMAX,207,,,I,
CA006148100,18650824,TMAX,183,,,C,
CA006158350,18650824,TMAX,194,,,C,
EIE00101859,18650824,TMAX,183,,,E,
EZE00100082,18650824,TMAX,233,,,E,
GM000004204,18650824,TMAX,211,,,E,
GME00125218,18650824,TMAX,174,,,E,
GME00127462,18650824,TMAX,143,,,E,
ITE00100550,18650824,TMAX,321,,,E,
ITE00100554,18650824,TMAX,311,,,E,
SWE00139148,18650824,TMAX,206,,,E,
SZ000006717,18650824,TMAX,124,,,G,
UK000047811,18650824,TMAX,200,,,E,
UK000056225,18650824,TMAX,197,,,E,
USC00288878,18650824,TMAX,217,,,6,
AGE00135039,18650825,TMAX,317,,,E,
ASN00066062,18650825,TMAX,171,,,a,
ASN00086071,18650825,TMAX,183,,,a,
ASN00090015,18650825,TMAX,183,,,a,
AU000005901,18650825,TMAX,250,,,E,
BE000006447,18650825,TMAX,212,,,I,
CA006148100,18650825,TMAX,233,,,C,
CA006158350,18650825,TMAX,244,,,C,
EIE00101859,18650825,TMAX,178,,,E,
EZE00100082,18650825,TMAX,221,,,E,
GM000004204,18650825,TMAX,196,,,E,
GME00125218,18650825,TMAX,176,,,E,
GME00127462,18650825,TMAX,163,,,E,
ITE00100550,18650825,TMAX,304,,,E,
ITE00100554,18650825,TMAX,289,,,E,
SWE00139148,18650825,TMAX,222,,,E,
SZ000006717,18650825,TMAX,115,,,G,
UK000047811,18650825,TMAX,217,,,E,
UK000056225,18650825,TMAX,213,,,E,
USC00288878,18650825,TMAX,261,,,6,
AGE00135039,18650826,TMAX,270,,,E,
ASN00066062,18650826,TMAX,224,,,a,
ASN00086071,18650826,TMAX,210,,,a,
ASN00090015,18650826,TMAX,156,,,a,
AU000005901,18650826,TMAX,215,,,E,
BE000006447,18650826,TMAX,219,,,I,
CA006148100,18650826,TMAX,250,,,C,
CA006158350,18650826,TMAX,267,,,C,
EIE00101859,18650826,TMAX,172,,,E,
EZE00100082,18650826,TMAX,210,,,E,
GM000004204,18650826,TMAX,225,,,E,
GME00125218,18650826,TMAX,203,,,E,
GME00127462,18650826,TMAX,178,,,E,
ITE00100550,18650826,TMAX,325,,,E,
ITE00100554,18650826,TMAX,317,,,E,
SWE00139148,18650826,TMAX,212,,,E,
SZ000006717,18650826,TMAX,125,,,G,
UK000047811,18650826,TMAX,217,,,E,
UK000056225,18650826,TMAX,230,,,E,
USC00288878,18650826,TMAX,294,,,6,
ASN00066062,18650827,TMAX,238,,,a,
ASN00086071,18650827,TMAX,153,,,a,
ASN00090015,18650827,TMAX,122,,,a,
AU000005901,18650827,TMAX,239,,,E,
BE000006447,18650827,TMAX,266,,,I,
CA006158350,18650827,TMAX,222,,,C,
EIE00101859,18650827,TMAX,167,,,E,
EZE00100082,18650827,TMAX,239,,,E,
GM000004204,18650827,TMAX,248,,,E,
GME00125218,18650827,TMAX,236,,,E,
GME00127462,18650827,TMAX,209,,,E,
ITE00100550,18650827,TMAX,306,,,E,
ITE00100554,18650827,TMAX,319,,,E,
SWE00139148,18650827,TMAX,227,,,E,
SZ000006717,18650827,TMAX,179,,,G,
UK000047811,18650827,TMAX,167,,,E,
UK000056225,18650827,TMAX,218,,,E,
AGE00135039,18650828,TMAX,290,,,E,
ASN00066062,18650828,TMAX,189,,,a,
ASN00086071,18650828,TMAX,162,,,a,
ASN00090015,18650828,TMAX,144,,,a,
AU000005901,18650828,TMAX,275,,,E,
BE000006447,18650828,TMAX,278,,,I,
CA006148100,18650828,TMAX,206,,,C,
CA006158350,18650828,TMAX,206,,,C,
EIE00101859,18650828,TMAX,183,,,E,
EZE00100082,18650828,TMAX,298,,,E,
GM000004204,18650828,TMAX,285,,,E,
GME00125218,18650828,TMAX,285,,,E,
GME00127462,18650828,TMAX,223,,,E,
ITE00100550,18650828,TMAX,335,,,E,
ITE00100554,18650828,TMAX,321,,,E,
SWE00139148,18650828,TMAX,186,,,E,
SZ000006717,18650828,TMAX,204,,,G,
UK000047811,18650828,TMAX,189,,,E,
UK000056225,18650828,TMAX,180,,,E,
USC00288878,18650828,TMAX,278,,,6,
AGE00135039,18650829,TMAX,275,,,E,
ASN00066062,18650829,TMAX,216,,,a,
ASN00086071,18650829,TMAX,155,,,a,
ASN00090015,18650829,TMAX,144,,,a,
AU000005901,18650829,TMAX,309,,,E,
BE000006447,18650829,TMAX,189,,,I,
CA006148100,18650829,TMAX,228,,,C,
CA006158350,18650829,TMAX,211,,,C,
EIE00101859,18650829,TMAX,178,,,E,
EZE00100082,18650829,TMAX,321,,,E,
GM000004204,18650829,TMAX,269,,,E,
GME00125218,18650829,TMAX,230,,,E,
GME00127462,18650829,TMAX,185,,,E,
ITE00100550,18650829,TMAX,343,,,E,
ITE00100554,18650829,TMAX,332,,,E,
SWE00139148,18650829,TMAX,127,,,E,
SZ000006717,18650829,TMAX,139,,I,G,
UK000047811,18650829,TMAX,178,,,E,
UK000056225,18650829,TMAX,191,,,E,
USC00288878,18650829,TMAX,289,,,6,
AGE00135039,18650830,TMAX,260,,,E,
ASN00066062,18650830,TMAX,209,,,a,
ASN00086071,18650830,TMAX,167,,,a,
ASN00090015,18650830,TMAX,156,,,a,
AU000005901,18650830,TMAX,265,,,E,
BE000006447,18650830,TMAX,198,,,I,
CA006148100,18650830,TMAX,289,,,C,
CA006158350,18650830,TMAX,222,,,C,
EIE00101859,18650830,TMAX,172,,,E,
EZE00100082,18650830,TMAX,206,,,E,
GM000004204,18650830,TMAX,190,,,E,
GME00125218,18650830,TMAX,188,,,E,
GME00127462,18650830,TMAX,150,,I,E,
ITE00100550,18650830,TMAX,313,,,E,
ITE00100554,18650830,TMAX,312,,,E,
SWE00139148,18650830,TMAX,162,,,E,
SZ000006717,18650830,TMAX,43,,I,G,
UK000047811,18650830,TMAX,200,,,E,
UK000056225,18650830,TMAX,200,,,E,
USC00288878,18650830,TMAX,306,,,6,
AGE00135039,18650831,TMAX,280,,,E,
ASN00066062,18650831,TMAX,212,,,a,
ASN00086071,18650831,TMAX,184,,,a,
ASN00090015,18650831,TMAX,156,,,a,
AU000005901,18650831,TMAX,203,,,E,
BE000006447,18650831,TMAX,197,,,I,
CA006148100,18650831,TMAX,311,,,C,
CA006158350,18650831,TMAX,311,,,C,
EIE00101859,18650831,TMAX,183,,,E,
EZE00100082,18650831,TMAX,175,,,E,
GM000004204,18650831,TMAX,175,,,E,
GME00125218,18650831,TMAX,153,,,E,
GME00127462,18650831,TMAX,173,,,E,
ITE00100550,18650831,TMAX,244,,,E,
ITE00100554,18650831,TMAX,235,,,E,
SWE00139148,18650831,TMAX,152,,,E,
SZ000006717,18650831,TMAX,59,,,G,
UK000047811,18650831,TMAX,183,,,E,
UK000056225,18650831,TMAX,224,,,E,
USC00288878,18650831,TMAX,306,,,6,
AGE00135039,18650901,TMAX,260,,,E,
ASN00066062,18650901,TMAX,275,,,a,
ASN00086071,18650901,TMAX,237,,,a,
ASN00090015,18650901,TMAX,211,,,a,
AU000005901,18650901,TMAX,220,,,E,
BE000006447,18650901,TMAX,203,,,I,
CA006148100,18650901,TMAX,250,,,C,
CA006158350,18650901,TMAX,256,,,C,
EIE00101859,18650901,TMAX,200,,,E,
EZE00100082,18650901,TMAX,178,,,E,
GM000004204,18650901,TMAX,179,,,E,
GME00125218,18650901,TMAX,173,,,E,
GME00127462,18650901,TMAX,161,,,E,
ITE00100550,18650901,TMAX,256,,,E,
ITE00100554,18650901,TMAX,269,,,E,
SWE00139148,18650901,TMAX,196,,,E,
SZ000006717,18650901,TMAX,64,,,G,
UK000047811,18650901,TMAX,217,,,E,
UK000056225,18650901,TMAX,243,,,E,
USC00288878,18650901,TMAX,322,,,6,
AGE00135039,18650902,TMAX,250,,,E,
ASN00066062,18650902,TMAX,282,,,a,
ASN00086071,18650902,TMAX,190,,,a,
ASN00090015,18650902,TMAX,150,,,a,
AU000005901,18650902,TMAX,183,,,E,
BE000006447,18650902,TMAX,217,,,I,
CA006148100,18650902,TMAX,278,,,C,
CA006158350,18650902,TMAX,267,,,C,
EIE00101859,18650902,TMAX,200,,,E,
EZE00100082,18650902,TMAX,152,,,E,
GM000004204,18650902,TMAX,149,,,E,
GME00125218,18650902,TMAX,143,,,E,
GME00127462,18650902,TMAX,163,,,E,
ITE00100550,18650902,TMAX,290,,,E,
ITE00100554,18650902,TMAX,307,,,E,
SWE00139148,18650902,TMAX,116,,,E,
SZ000006717,18650902,TMAX,88,,,G,
UK000047811,18650902,TMAX,233,,,E,
UK000056225,18650902,TMAX,239,,,E,
USC00288878,18650902,TMAX,289,,,6,
ASN00066062,18650903,TMAX,291,,,a,
ASN00086071,18650903,TMAX,177,,,a,
ASN00090015,18650903,TMAX,161,,,a,
AU000005901,18650903,TMAX,228,,,E,
BE000006447,18650903,TMAX,228,,,I,
CA006158350,18650903,TMAX,283,,,C,
EIE00101859,18650903,TMAX,206,,,E,
EZE00100082,18650903,TMAX,220,,,E,
GM000004204,18650903,TMAX,216,,,E,
GME00125218,18650903,TMAX,218,,,E,
GME00127462,18650903,TMAX,170,,,E,
ITE00100550,18650903,TMAX,340,,,E,
ITE00100554,18650903,TMAX,295,,,E,
SWE00139148,18650903,TMAX,119,,,E,
SZ000006717,18650903,TMAX,143,,,G,
UK000047811,18650903,TMAX,206,,,E,
UK000056225,18650903,TMAX,251,,,E,
USC00288878,18650903,TMAX,300,,,6,
AGE00135039,18650904,TMAX,250,,,E,
ASN00066062,18650904,TMAX,267,,,a,
ASN00086071,18650904,TMAX,133,,,a,
ASN00090015,18650904,TMAX,139,,,a,
AU000005901,18650904,TMAX,233,,,E,
BE000006447,18650904,TMAX,243,,,I,
CA006148100,18650904,TMAX,289,,,C,
CA006158350,18650904,TMAX,294,,,C,
EIE00101859,18650904,TMAX,194,,,E,
EZE00100082,18650904,TMAX,201,,,E,
GM000004204,18650904,TMAX,213,,,E,
GME00125218,18650904,TMAX,191,,,E,
GME00127462,18650904,TMAX,145,,,E,
ITE00100550,18650904,TMAX,315,,,E,
ITE00100554,18650904,TMAX,295,,,E,
SWE00139148,18650904,TMAX,148,,,E,
SZ000006717,18650904,TMAX,132,,,G,
UK000047811,18650904,TMAX,217,,,E,
UK000056225,18650904,TMAX,225,,,E,
USC00288878,18650904,TMAX,317,,,6,
AGE00135039,18650905,TMAX,255,,,E,
ASN00066062,18650905,TMAX,172,,,a,
ASN00086071,18650905,TMAX,136,,,a,
ASN00090015,18650905,TMAX,183,,,a,
AU000005901,18650905,TMAX,235,,,E,
BE000006447,18650905,TMAX,262,,,I,
CA006148100,18650905,TMAX,272,,,C,
CA006158350,18650905,TMAX,300,,,C,
EIE00101859,18650905,TMAX,200,,,E,
EZE00100082,18650905,TMAX,236,,,E,
GM000004204,18650905,TMAX,250,,,E,
GME00125218,18650905,TMAX,248,,,E,
GME00127462,18650905,TMAX,234,,,E,
ITE00100550,18650905,TMAX,296,,,E,
ITE00100554,18650905,TMAX,305,,,E,
SWE00139148,18650905,TMAX,206,,,E,
SZ000006717,18650905,TMAX,112,,,G,
UK000047811,18650905,TMAX,228,,,E,
UK000056225,18650905,TMAX,230,,,E,
USC00288878,18650905,TMAX,306,,,6,
AGE00135039,18650906,TMAX,250,,,E,
ASN00066062,18650906,TMAX,197,,,a,
ASN00086071,18650906,TMAX,183,,,a,
ASN00090015,18650906,TMAX,167,,,a,
AU000005901,18650906,TMAX,259,,,E,
BE000006447,18650906,TMAX,253,,,I,
CA006148100,18650906,TMAX,256,,,C,
CA006158350,18650906,TMAX,250,,,C,
EIE00101859,18650906,TMAX,194,,,E,
EZE00100082,18650906,TMAX,261,,,E,
GM000004204,18650906,TMAX,270,,,E,
GME00125218,18650906,TMAX,274,,,E,
GME00127462,18650906,TMAX,208,,,E,
ITE00100550,18650906,TMAX,309,,,E,
ITE00100554,18650906,TMAX,307,,,E,
SWE00139148,18650906,TMAX,233,,,E,
SZ000006717,18650906,TMAX,113,,,G,
UK000047811,18650906,TMAX,222,,,E,
UK000056225,18650906,TMAX,243,,,E,
USC00288878,18650906,TMAX,333,,,6,
AGE00135039,18650907,TMAX,280,,,E,
ASN00066062,18650907,TMAX,212,,,a,
ASN00086071,18650907,TMAX,111,,,a,
ASN00090015,18650907,TMAX,122,,,a,
AU000005901,18650907,TMAX,263,,,E,
BE000006447,18650907,TMAX,275,,,I,
CA006148100,18650907,TMAX,267,,,C,
CA006158350,18650907,TMAX,272,,,C,
EIE00101859,18650907,TMAX,189,,,E,
EZE00100082,18650907,TMAX,261,,,E,
GM000004204,18650907,TMAX,266,,,E,
GME00125218,18650907,TMAX,268,,,E,
GME00127462,18650907,TMAX,200,,,E,
ITE00100550,18650907,TMAX,298,,,E,
ITE00100554,18650907,TMAX,286,,,E,
SWE00139148,18650907,TMAX,214,,,E,
SZ000006717,18650907,TMAX,131,,,G,
UK000047811,18650907,TMAX,217,,,E,
UK000056225,18650907,TMAX,261,,,E,
USC00288878,18650907,TMAX,322,,,6,
AGE00135039,18650908,TMAX,270,,,E,
ASN00066062,18650908,TMAX,157,,,a,
ASN00086071,18650908,TMAX,127,,,a,
ASN00090015,18650908,TMAX,133,,,a,
AU000005901,18650908,TMAX,273,,,E,
BE000006447,18650908,TMAX,266,,,I,
CA006148100,18650908,TMAX,206,,,C,
CA006158350,18650908,TMAX,189,,,C,
EIE00101859,18650908,TMAX,183,,,E,
EZE00100082,18650908,TMAX,258,,,E,
GM000004204,18650908,TMAX,259,,,E,
GME00125218,18650908,TMAX,261,,,E,
GME00127462,18650908,TMAX,238,,,E,
ITE00100550,18650908,TMAX,304,,,E,
ITE00100554,18650908,TMAX,299,,,E,
SWE00139148,18650908,TMAX,248,,,E,
SZ000006717,18650908,TMAX,86,,,G,
UK000047811,18650908,TMAX,206,,,E,
UK000056225,18650908,TMAX,214,,,E,
USC00288878,18650908,TMAX,278,,,6,
AGE00135039,18650909,TMAX,280,,,E,
ASN00066062,18650909,TMAX,179,,,a,
ASN00086071,18650909,TMAX,159,,,a,
ASN00090015,18650909,TMAX,178,,,a,
AU000005901,18650909,TMAX,283,,,E,
BE000006447,18650909,TMAX,237,,,I,
CA006148100,18650909,TMAX,211,,,C,
CA006158350,18650909,TMAX,211,,,C,
EIE00101859,18650909,TMAX,178,,,E,
EZE00100082,18650909,TMAX,272,,,E,
GM000004204,18650909,TMAX,265,,,E,
GME00125218,18650909,TMAX,278,,,E,
GME00127462,18650909,TMAX,244,,,E,
ITE00100550,18650909,TMAX,309,,,E,
ITE00100554,18650909,TMAX,295,,,E,
SWE00139148,18650909,TMAX,262,,,E,
SZ000006717,18650909,TMAX,108,,,G,
UK000047811,18650909,TMAX,217,,,E,
UK000056225,18650909,TMAX,219,,,E,
USC00288878,18650909,TMAX,244,,,6,
ASN00066062,18650910,TMAX,250,,,a,
ASN00086071,18650910,TMAX,148,,,a,
ASN00090015,18650910,TMAX,200,,,a,
AU000005901,18650910,TMAX,291,,,E,
BE000006447,18650910,TMAX,236,,,I,
CA006158350,18650910,TMAX,244,,,C,
EIE00101859,18650910,TMAX,189,,,E,
EZE00100082,18650910,TMAX,278,,,E,
GM000004204,18650910,TMAX,265,,,E,
GME00125218,18650910,TMAX,270,,,E,
GME00127462,18650910,TMAX,204,,,E,
ITE00100550,18650910,TMAX,310,,,E,
ITE00100554,18650910,TMAX,326,,,E,
SWE00139148,18650910,TMAX,211,,,E,
SZ000006717,18650910,TMAX,119,,,G,
UK000047811,18650910,TMAX,217,,,E,
UK000056225,18650910,TMAX,236,,,E,
USC00288878,18650910,TMAX,256,,,6,
AGE00135039,18650911,TMAX,280,,,E,
ASN00066062,18650911,TMAX,251,,,a,
ASN00086071,18650911,TMAX,183,,,a,
ASN00090015,18650911,TMAX,156,,,a,
AU000005901,18650911,TMAX,288,,,E,
BE000006447,18650911,TMAX,198,,,I,
CA006148100,18650911,TMAX,267,,,C,
CA006158350,18650911,TMAX,261,,,C,
EIE00101859,18650911,TMAX,183,,,E,
EZE00100082,18650911,TMAX,256,,,E,
GM000004204,18650911,TMAX,225,,,E,
GME00125218,18650911,TMAX,230,,,E,
GME00127462,18650911,TMAX,174,,,E,
ITE00100550,18650911,TMAX,315,,,E,
ITE00100554,18650911,TMAX,318,,,E,
SWE00139148,18650911,TMAX,193,,,E,
SZ000006717,18650911,TMAX,119,,,G,
UK000047811,18650911,TMAX,206,,,E,
UK000056225,18650911,TMAX,238,,,E,
USC00288878,18650911,TMAX,300,,,6,
AGE00135039,18650912,TMAX,250,,,E,
ASN00066062,18650912,TMAX,189,,,a,
ASN00086071,18650912,TMAX,127,,,a,
ASN00090015,18650912,TMAX,128,,,a,
AU000005901,18650912,TMAX,178,,,E,
BE000006447,18650912,TMAX,213,,,I,
CA006148100,18650912,TMAX,267,,,C,
CA006158350,18650912,TMAX,250,,,C,
EIE00101859,18650912,TMAX,189,,,E,
EZE00100082,18650912,TMAX,172,,I,E,
GM000004204,18650912,TMAX,183,,,E,
GME00125218,18650912,TMAX,183,,,E,
GME00127462,18650912,TMAX,153,,I,E,
ITE00100550,18650912,TMAX,323,,,E,
ITE00100554,18650912,TMAX,326,,,E,
SWE00139148,18650912,TMAX,157,,,E,
SZ000006717,18650912,TMAX,109,,,G,
UK000047811,18650912,TMAX,206,,,E,
UK000056225,18650912,TMAX,242,,,E,
USC00288878,18650912,TMAX,306,,,6,
AGE00135039,18650913,TMAX,255,,,E,
ASN00066062,18650913,TMAX,170,,,a,
ASN00086071,18650913,TMAX,143,,,a,
ASN00090015,18650913,TMAX,128,,,a,
AU000005901,18650913,TMAX,191,,,E,
BE000006447,18650913,TMAX,213,,,I,
CA006148100,18650913,TMAX,294,,,C,
CA006158350,18650913,TMAX,272,,,C,
EIE00101859,18650913,TMAX,194,,,E,
EZE00100082,18650913,TMAX,180,,,E,
GM000004204,18650913,TMAX,186,,,E,
GME00125218,18650913,TMAX,179,,,E,
GME00127462,18650913,TMAX,166,,,E,
ITE00100550,18650913,TMAX,244,,,E,
ITE00100554,18650913,TMAX,258,,,E,
SWE00139148,18650913,TMAX,176,,,E,
SZ000006717,18650913,TMAX,114,,,G,
UK000047811,18650913,TMAX,211,,,E,
UK000056225,18650913,TMAX,249,,,E,
USC00288878,18650913,TMAX,306,,,6,
AGE00135039,18650914,TMAX,255,,,E,
ASN00066062,18650914,TMAX,168,,,a,
ASN00086071,18650914,TMAX,144,,,a,
ASN00090015,18650914,TMAX,144,,,a,
AU000005901,18650914,TMAX,240,,,E,
BE000006447,18650914,TMAX,230,,,I,
CA006148100,18650914,TMAX,278,,,C,
CA006158350,18650914,TMAX,328,,,C,
EIE00101859,18650914,TMAX,200,,,E,
EZE00100082,18650914,TMAX,216,,,E,
GM000004204,18650914,TMAX,210,,,E,
GME00125218,18650914,TMAX,211,,,E,
GME00127462,18650914,TMAX,163,,,E,
ITE00100550,18650914,TMAX,263,,,E,
ITE00100554,18650914,TMAX,266,,,E,
SWE00139148,18650914,TMAX,174,,,E,
SZ000006717,18650914,TMAX,113,,,G,
UK000047811,18650914,TMAX,239,,,E,
UK000056225,18650914,TMAX,269,,,E,
USC00288878,18650914,TMAX,311,,,6,
AGE00135039,18650915,TMAX,250,,,E,
ASN00066062,18650915,TMAX,189,,,a,
ASN00086071,18650915,TMAX,200,,,a,
ASN00090015,18650915,TMAX,150,,,a,
AU000005901,18650915,TMAX,216,,,E,
BE000006447,18650915,TMAX,229,,,I,
CA006148100,18650915,TMAX,239,,,C,
CA006158350,18650915,TMAX,256,,,C,
EIE00101859,18650915,TMAX,189,,,E,
EZE00100082,18650915,TMAX,197,,,E,
GM000004204,18650915,TMAX,189,,,E,
GME00125218,18650915,TMAX,173,,,E,
GME00127462,18650915,TMAX,176,,,E,
ITE00100550,18650915,TMAX,290,,,E,
ITE00100554,18650915,TMAX,278,,,E,
SWE00139148,18650915,TMAX,139,,,E,
SZ000006717,18650915,TMAX,143,,,G,
UK000047811,18650915,TMAX,222,,,E,
UK000056225,18650915,TMAX,253,,,E,
USC00288878,18650915,TMAX,322,,,6,
AGE00135039,18650916,TMAX,255,,,E,
ASN00066062,18650916,TMAX,213,,,a,
ASN00086071,18650916,TMAX,223,,,a,
ASN00090015,18650916,TMAX,172,,,a,
AU000005901,18650916,TMAX,179,,,E,
BE000006447,18650916,TMAX,242,,,I,
CA006148100,18650916,TMAX,244,,,C,
CA006158350,18650916,TMAX,233,,,C,
EIE00101859,18650916,TMAX,183,,,E,
EZE00100082,18650916,TMAX,187,,,E,
GM000004204,18650916,TMAX,194,,,E,
GME00125218,18650916,TMAX,183,,,E,
GME00127462,18650916,TMAX,169,,,E,
ITE00100550,18650916,TMAX,285,,,E,
ITE00100554,18650916,TMAX,280,,,E,
SWE00139148,18650916,TMAX,199,,,E,
SZ000006717,18650916,TMAX,132,,,G,
UK000047811,18650916,TMAX,206,,,E,
UK000056225,18650916,TMAX,221,,,E,
USC00288878,18650916,TMAX,294,,,6,
ASN00066062,18650917,TMAX,191,,,a,
ASN00086071,18650917,TMAX,139,,,a,
ASN00090015,18650917,TMAX,156,,,a,
AU000005901,18650917,TMAX,184,,,E,
BE000006447,18650917,TMAX,245,,,I,
CA006158350,18650917,TMAX,278,,,C,
EIE00101859,18650917,TMAX,194,,,E,
EZE00100082,18650917,TMAX,227,,,E,
GM000004204,18650917,TMAX,238,,,E,
GME00125218,18650917,TMAX,219,,,E,
GME00127462,18650917,TMAX,200,,,E,
ITE00100550,18650917,TMAX,284,,,E,
ITE00100554,18650917,TMAX,273,,,E,
SWE00139148,18650917,TMAX,204,,,E,
SZ000006717,18650917,TMAX,120,,,G,
UK000047811,18650917,TMAX,211,,,E,
UK000056225,18650917,TMAX,225,,,E,
USC00288878,18650917,TMAX,278,,,6,
AGE00135039,18650918,TMAX,255,,,E,
ASN00066062,18650918,TMAX,203,,,a,
ASN00086071,18650918,TMAX,173,,,a,
ASN00090015,18650918,TMAX,156,,,a,
AU000005901,18650918,TMAX,215,,,E,
BE000006447,18650918,TMAX,213,,,I,
CA006148100,18650918,TMAX,239,,,C,
CA006158350,18650918,TMAX,167,,,C,
EIE00101859,18650918,TMAX,178,,,E,
EZE00100082,18650918,TMAX,197,,,E,
GM000004204,18650918,TMAX,211,,,E,
GME00125218,18650918,TMAX,189,,,E,
GME00127462,18650918,TMAX,181,,,E,
ITE00100550,18650918,TMAX,290,,,E,
ITE00100554,18650918,TMAX,283,,,E,
SWE00139148,18650918,TMAX,163,,,E,
SZ000006717,18650918,TMAX,118,,,G,
UK000047811,18650918,TMAX,217,,,E,
UK000056225,18650918,TMAX,219,,,E,
USC00288878,18650918,TMAX,228,,,6,
AGE00135039,18650919,TMAX,260,,,E,
ASN00066062,18650919,TMAX,191,,,a,
ASN00086071,18650919,TMAX,176,,,a,
ASN00090015,18650919,TMAX,150,,,a,
AU000005901,18650919,TMAX,204,,,E,
BE000006447,18650919,TMAX,213,,,I,
CA006148100,18650919,TMAX,183,,,C,
CA006158350,18650919,TMAX,183,,,C,
EIE00101859,18650919,TMAX,189,,,E,
EZE00100082,18650919,TMAX,207,,,E,
GM000004204,18650919,TMAX,200,,,E,
GME00125218,18650919,TMAX,179,,,E,
GME00127462,18650919,TMAX,174,,,E,
ITE00100550,18650919,TMAX,275,,,E,
ITE00100554,18650919,TMAX,281,,,E,
SWE00139148,18650919,TMAX,186,,,E,
SZ000006717,18650919,TMAX,134,,,G,
UK000047811,18650919,TMAX,189,,,E,
UK000056225,18650919,TMAX,242,,,E,
USC00288878,18650919,TMAX,211,,,6,
AGE00135039,18650920,TMAX,255,,,E,
ASN00066062,18650920,TMAX,201,,,a,
ASN00086071,18650920,TMAX,243,,,a,
ASN00090015,18650920,TMAX,244,,,a,
AU000005901,18650920,TMAX,214,,,E,
BE000006447,18650920,TMAX,227,,,I,
CA006148100,18650920,TMAX,200,,,C,
CA006158350,18650920,TMAX,211,,,C,
EIE00101859,18650920,TMAX,200,,,E,
EZE00100082,18650920,TMAX,195,,,E,
GM000004204,18650920,TMAX,196,,,E,
GME00125218,18650920,TMAX,183,,,E,
GME00127462,18650920,TMAX,169,,,E,
ITE00100550,18650920,TMAX,279,,,E,
ITE00100554,18650920,TMAX,273,,,E,
SWE00139148,18650920,TMAX,192,,,E,
SZ000006717,18650920,TMAX,114,,,G,
UK000047811,18650920,TMAX,167,,,E,
UK000056225,18650920,TMAX,170,,,E,
USC00288878,18650920,TMAX,233,,,6,
AGE00135039,18650921,TMAX,250,,,E,
ASN00066062,18650921,TMAX,262,,,a,
ASN00086071,18650921,TMAX,183,,,a,
ASN00090015,18650921,TMAX,156,,,a,
AU000005901,18650921,TMAX,188,,,E,
BE000006447,18650921,TMAX,227,,,I,
CA006148100,18650921,TMAX,211,,,C,
CA006158350,18650921,TMAX,206,,,C,
EIE00101859,18650921,TMAX,200,,,E,
EZE00100082,18650921,TMAX,196,,,E,
GM000004204,18650921,TMAX,228,,,E,
GME00125218,18650921,TMAX,209,,,E,
GME00127462,18650921,TMAX,153,,,E,
ITE00100550,18650921,TMAX,281,,,E,
ITE00100554,18650921,TMAX,277,,,E,
SWE00139148,18650921,TMAX,196,,,E,
SZ000006717,18650921,TMAX,100,,,G,
UK000047811,18650921,TMAX,183,,,E,
UK000056225,18650921,TMAX,170,,,E,
USC00288878,18650921,TMAX,272,,,6,
AGE00135039,18650922,TMAX,250,,,E,
ASN00066062,18650922,TMAX,231,,,a,
ASN00086071,18650922,TMAX,261,,,a,
ASN00090015,18650922,TMAX,194,,,a,
AU000005901,18650922,TMAX,176,,,E,
BE000006447,18650922,TMAX,209,,,I,
CA006148100,18650922,TMAX,228,,,C,
CA006158350,18650922,TMAX,217,,,C,
EIE00101859,18650922,TMAX,194,,,E,
EZE00100082,18650922,TMAX,184,,,E,
GM000004204,18650922,TMAX,229,,,E,
GME00125218,18650922,TMAX,208,,,E,
GME00127462,18650922,TMAX,174,,,E,
ITE00100550,18650922,TMAX,268,,,E,
ITE00100554,18650922,TMAX,275,,,E,
SWE00139148,18650922,TMAX,153,,,E,
SZ000006717,18650922,TMAX,106,,,G,
UK000047811,18650922,TMAX,172,,,E,
UK000056225,18650922,TMAX,175,,,E,
USC00288878,18650922,TMAX,300,,,6,
AGE00135039,18650923,TMAX,255,,,E,
ASN00066062,18650923,TMAX,228,,,a,
ASN00086071,18650923,TMAX,200,,,a,
ASN00090015,18650923,TMAX,194,,,a,
AU000005901,18650923,TMAX,200,,,E,
BE000006447,18650923,TMAX,184,,,I,
CA006148100,18650923,TMAX,244,,,C,
CA006158350,18650923,TMAX,211,,,C,
EIE00101859,18650923,TMAX,200,,,E,
EZE00100082,18650923,TMAX,197,,,E,
GM000004204,18650923,TMAX,213,,,E,
GME00125218,18650923,TMAX,213,,,E,
GME00127462,18650923,TMAX,183,,,E,
ITE00100550,18650923,TMAX,246,,,E,
ITE00100554,18650923,TMAX,261,,,E,
SWE00139148,18650923,TMAX,184,,,E,
SZ000006717,18650923,TMAX,98,,,G,
UK000047811,18650923,TMAX,178,,,E,
UK000056225,18650923,TMAX,199,,,E,
USC00288878,18650923,TMAX,222,,,6,
ASN00066062,18650924,TMAX,224,,,a,
ASN00086071,18650924,TMAX,150,,,a,
ASN00090015,18650924,TMAX,117,,,a,
AU000005901,18650924,TMAX,203,,,E,
BE000006447,18650924,TMAX,200,,,I,
CA006158350,18650924,TMAX,211,,,C,
EIE00101859,18650924,TMAX,200,,,E,
EZE00100082,18650924,TMAX,194,,,E,
GM000004204,18650924,TMAX,195,,,E,
GME00125218,18650924,TMAX,188,,,E,
GME00127462,18650924,TMAX,156,,,E,
ITE00100550,18650924,TMAX,240,,,E,
ITE00100554,18650924,TMAX,259,,,E,
SWE00139148,18650924,TMAX,157,,,E,
SZ000006717,18650924,TMAX,98,,,G,
UK000047811,18650924,TMAX,194,,,E,
UK000056225,18650924,TMAX,208,,,E,
USC00288878,18650924,TMAX,256,,,6,
AGE00135039,18650925,TMAX,270,,,E,
ASN00066062,18650925,TMAX,233,,,a,
ASN00086071,18650925,TMAX,182,,,a,
ASN00090015,18650925,TMAX,144,,,a,
AU000005901,18650925,TMAX,200,,,E,
BE000006447,18650925,TMAX,212,,,I,
CA006148100,18650925,TMAX,206,,,C,
CA006158350,18650925,TMAX,217,,,C,
EIE00101859,18650925,TMAX,211,,,E,
EZE00100082,18650925,TMAX,188,,,E,
GM000004204,18650925,TMAX,198,,,E,
GME00125218,18650925,TMAX,198,,,E,
GME00127462,18650925,TMAX,171,,,E,
ITE00100550,18650925,TMAX,241,,,E,
ITE00100554,18650925,TMAX,252,,,E,
SWE00139148,18650925,TMAX,188,,,E,
SZ000006717,18650925,TMAX,82,,,G,
UK000047811,18650925,TMAX,206,,,E,
UK000056225,18650925,TMAX,225,,,E,
USC00288878,18650925,TMAX,278,,,6,
AGE00135039,18650926,TMAX,255,,,E,
ASN00066062,18650926,TMAX,219,,,a,
ASN00086071,18650926,TMAX,222,,,a,
ASN00090015,18650926,TMAX,189,,,a,
AU000005901,18650926,TMAX,179,,,E,
BE000006447,18650926,TMAX,228,,,I,
CA006148100,18650926,TMAX,178,,,C,
CA006158350,18650926,TMAX,150,,,C,
EIE00101859,18650926,TMAX,217,,,E,
EZE00100082,18650926,TMAX,187,,,E,
GM000004204,18650926,TMAX,221,,,E,
GME00125218,18650926,TMAX,213,,,E,
GME00127462,18650926,TMAX,201,,,E,
ITE00100550,18650926,TMAX,223,,,E,
ITE00100554,18650926,TMAX,240,,,E,
SWE00139148,18650926,TMAX,205,,,E,
SZ000006717,18650926,TMAX,106,,,G,
UK000047811,18650926,TMAX,217,,,E,
UK000056225,18650926,TMAX,247,,,E,
USC00288878,18650926,TMAX,256,,,6,
AGE00135039,18650927,TMAX,250,,,E,
ASN00066062,18650927,TMAX,256,,,a,
ASN00086071,18650927,TMAX,194,,,a,
ASN00090015,18650927,TMAX,172,,,a,
AU000005901,18650927,TMAX,200,,,E,
BE000006447,18650927,TMAX,209,,,I,
CA006148100,18650927,TMAX,206,,,C,
CA006158350,18650927,TMAX,172,,,C,
EIE00101859,18650927,TMAX,211,,,E,
EZE00100082,18650927,TMAX,207,,,E,
GM000004204,18650927,TMAX,221,,,E,
GME00125218,18650927,TMAX,223,,,E,
GME00127462,18650927,TMAX,186,,,E,
ITE00100550,18650927,TMAX,200,,,E,
ITE00100554,18650927,TMAX,215,,,E,
SWE00139148,18650927,TMAX,196,,,E,
SZ000006717,18650927,TMAX,27,,,G,
UK000047811,18650927,TMAX,178,,,E,
UK000056225,18650927,TMAX,197,,,E,
USC00288878,18650927,TMAX,244,,,6,
AGE00135039,18650928,TMAX,243,,,E,
ASN00066062,18650928,TMAX,209,,,a,
ASN00086071,18650928,TMAX,129,,,a,
ASN00090015,18650928,TMAX,133,,,a,
AU000005901,18650928,TMAX,211,,,E,
BE000006447,18650928,TMAX,222,,,I,
CA006148100,18650928,TMAX,228,,,C,
CA006158350,18650928,TMAX,206,,,C,
EIE00101859,18650928,TMAX,200,,,E,
EZE00100082,18650928,TMAX,201,,,E,
GM000004204,18650928,TMAX,229,,,E,
GME00125218,18650928,TMAX,214,,,E,
GME00127462,18650928,TMAX,186,,,E,
ITE00100550,18650928,TMAX,179,,,E,
ITE00100554,18650928,TMAX,209,,,E,
SWE00139148,18650928,TMAX,176,,,E,
SZ000006717,18650928,TMAX,63,,,G,
UK000047811,18650928,TMAX,178,,,E,
UK000056225,18650928,TMAX,175,,,E,
USC00288878,18650928,TMAX,256,,,6,
AGE00135039,18650929,TMAX,230,,,E,
ASN00066062,18650929,TMAX,199,,,a,
ASN00086071,18650929,TMAX,150,,,a,
ASN00090015,18650929,TMAX,139,,,a,
AU000005901,18650929,TMAX,213,,,E,
BE000006447,18650929,TMAX,189,,,I,
CA006148100,18650929,TMAX,233,,,C,
CA006158350,18650929,TMAX,228,,,C,
EIE00101859,18650929,TMAX,194,,,E,
EZE00100082,18650929,TMAX,191,,,E,
GM000004204,18650929,TMAX,204,,,E,
GME00125218,18650929,TMAX,196,,,E,
ITE00100550,18650929,TMAX,219,,,E,
ITE00100554,18650929,TMAX,231,,,E,
SWE00139148,18650929,TMAX,125,,,E,
SZ000006717,18650929,TMAX,76,,,G,
UK000047811,18650929,TMAX,183,,,E,
UK000056225,18650929,TMAX,175,,,E,
USC00288878,18650929,TMAX,267,,,6,
AGE00135039,18650930,TMAX,250,,,E,
ASN00066062,18650930,TMAX,257,,,a,
ASN00086071,18650930,TMAX,169,,,a,
ASN00090015,18650930,TMAX,133,,,a,
AU000005901,18650930,TMAX,218,,,E,
BE000006447,18650930,TMAX,205,,,I,
CA006148100,18650930,TMAX,194,,,C,
CA006158350,18650930,TMAX,183,,,C,
EIE00101859,18650930,TMAX,189,,,E,
EZE00100082,18650930,TMAX,202,,,E,
GM000004204,18650930,TMAX,200,,,E,
GME00125218,18650930,TMAX,198,,,E,
ITE00100550,18650930,TMAX,219,,,E,
ITE00100554,18650930,TMAX,226,,,E,
SWE00139148,18650930,TMAX,144,,,E,
SZ000006717,18650930,TMAX,72,,,G,
UK000047811,18650930,TMAX,172,,,E,
UK000056225,18650930,TMAX,205,,,E,
USC00288878,18650930,TMAX,278,,,6,
ASN00066062,18651001,TMAX,244,,,a,
ASN00086071,18651001,TMAX,131,,,a,
ASN00090015,18651001,TMAX,139,,,a,
AU000005901,18651001,TMAX,223,,,E,
BE000006447,18651001,TMAX,202,,,I,
CA006158350,18651001,TMAX,183,,,C,
EIE00101859,18651001,TMAX,194,,,E,
EZE00100082,18651001,TMAX,206,,,E,
GM000004204,18651001,TMAX,181,,,E,
GME00125218,18651001,TMAX,180,,,E,
ITE00100550,18651001,TMAX,229,,,E,
ITE00100554,18651001,TMAX,229,,,E,
SWE00139148,18651001,TMAX,116,,,E,
SZ000006717,18651001,TMAX,40,,,G,
UK000047811,18651001,TMAX,178,,,E,
UK000056225,18651001,TMAX,217,,,E,
USC00288878,18651001,TMAX,278,,,6,
AGE00135039,18651002,TMAX,245,,,E,
ASN00066062,18651002,TMAX,130,,,a,
ASN00086071,18651002,TMAX,143,,,a,
ASN00090015,18651002,TMAX,144,,,a,
AU000005901,18651002,TMAX,205,,,E,
BE000006447,18651002,TMAX,203,,,I,
CA006148100,18651002,TMAX,161,,,C,
CA006158350,18651002,TMAX,128,,,C,
EIE00101859,18651002,TMAX,189,,,E,
EZE00100082,18651002,TMAX,196,,,E,
GM000004204,18651002,TMAX,158,,,E,
GME00125218,18651002,TMAX,144,,,E,
ITE00100550,18651002,TMAX,215,,,E,
ITE00100554,18651002,TMAX,233,,,E,
SWE00139148,18651002,TMAX,114,,,E,
SZ000006717,18651002,TMAX,35,,,G,
UK000047811,18651002,TMAX,189,,,E,
UK000056225,18651002,TMAX,216,,,E,
USC00288878,18651002,TMAX,211,,,6,
AGE00135039,18651003,TMAX,245,,,E,
ASN00066062,18651003,TMAX,191,,,a,
ASN00086071,18651003,TMAX,205,,,a,
ASN00090015,18651003,TMAX,161,,,a,
AU000005901,18651003,TMAX,206,,,E,
BE000006447,18651003,TMAX,185,,,I,
CA006148100,18651003,TMAX,94,,,C,
CA006158350,18651003,TMAX,122,,,C,
EIE00101859,18651003,TMAX,200,,,E,
EZE00100082,18651003,TMAX,182,,,E,
GM000004204,18651003,TMAX,160,,,E,
GME00125218,18651003,TMAX,170,,,E,
ITE00100550,18651003,TMAX,196,,,E,
ITE00100554,18651003,TMAX,223,,,E,
SWE00139148,18651003,TMAX,102,,,E,
SZ000006717,18651003,TMAX,56,,,G,
UK000047811,18651003,TMAX,183,,,E,
UK000056225,18651003,TMAX,204,,,E,
USC00288878,18651003,TMAX,194,,,6,
AGE00135039,18651004,TMAX,250,,,E,
ASN00066062,18651004,TMAX,250,,,a,
ASN00086071,18651004,TMAX,250,,,a,
ASN00090015,18651004,TMAX,222,,,a,
AU000005901,18651004,TMAX,151,,,E,
BE000006447,18651004,TMAX,204,,,I,
CA006148100,18651004,TMAX,78,,,C,
CA006158350,18651004,TMAX,94,,,C,
EIE00101859,18651004,TMAX,194,,,E,
EZE00100082,18651004,TMAX,178,,,E,
GM000004204,18651004,TMAX,174,,,E,
GME00125218,18651004,TMAX,154,,,E,
ITE00100550,18651004,TMAX,180,,,E,
ITE00100554,18651004,TMAX,208,,,E,
SWE00139148,18651004,TMAX,115,,,E,
SZ000006717,18651004,TMAX,63,,,G,
UK000047811,18651004,TMAX,189,,,E,
UK000056225,18651004,TMAX,198,,,E,
USC00288878,18651004,TMAX,183,,,6,
AGE00135039,18651005,TMAX,235,,,E,
ASN00066062,18651005,TMAX,289,,,a,
ASN00086071,18651005,TMAX,172,,,a,
ASN00090015,18651005,TMAX,183,,,a,
AU000005901,18651005,TMAX,113,,,E,
BE000006447,18651005,TMAX,173,,,I,
CA006148100,18651005,TMAX,94,,,C,
CA006158350,18651005,TMAX,117,,,C,
EIE00101859,18651005,TMAX,200,,,E,
EZE00100082,18651005,TMAX,138,,,E,
GM000004204,18651005,TMAX,140,,,E,
GME00125218,18651005,TMAX,150,,,E,
ITE00100550,18651005,TMAX,116,,,E,
ITE00100554,18651005,TMAX,179,,,E,
SWE00139148,18651005,TMAX,118,,,E,
SZ000006717,18651005,TMAX,12,,,G,
UK000047811,18651005,TMAX,172,,,E,
UK000056225,18651005,TMAX,185,,,E,
USC00288878,18651005,TMAX,200,,,6,
AGE00135039,18651006,TMAX,235,,,E,
ASN00066062,18651006,TMAX,265,,,a,
ASN00086071,18651006,TMAX,279,,,a,
ASN00090015,18651006,TMAX,222,,,a,
AU000005901,18651006,TMAX,110,,,E,
BE000006447,18651006,TMAX,167,,,I,
CA006148100,18651006,TMAX,139,,,C,
CA006158350,18651006,TMAX,156,,,C,
EIE00101859,18651006,TMAX,189,,,E,
EZE00100082,18651006,TMAX,129,,,E,
GM000004204,18651006,TMAX,144,,,E,
GME00125218,18651006,TMAX,134,,,E,
ITE00100550,18651006,TMAX,146,,,E,
ITE00100554,18651006,TMAX,164,,,E,
SWE00139148,18651006,TMAX,136,,,E,
SZ000006717,18651006,TMAX,33,,,G,
UK000047811,18651006,TMAX,161,,,E,
UK000056225,18651006,TMAX,173,,,E,
USC00288878,18651006,TMAX,256,,,6,
AGE00135039,18651007,TMAX,235,,,E,
ASN00066062,18651007,TMAX,323,,,a,
ASN00086071,18651007,TMAX,195,,,a,
ASN00090015,18651007,TMAX,161,,,a,
AU000005901,18651007,TMAX,150,,,E,
BE000006447,18651007,TMAX,193,,,I,
CA006148100,18651007,TMAX,194,,,C,
CA006158350,18651007,TMAX,211,,,C,
EIE00101859,18651007,TMAX,178,,,E,
EZE00100082,18651007,TMAX,141,,,E,
GM000004204,18651007,TMAX,160,,,E,
GME00125218,18651007,TMAX,149,,,E,
ITE00100550,18651007,TMAX,173,,,E,
ITE00100554,18651007,TMAX,167,,,E,
SWE00139148,18651007,TMAX,117,,,E,
SZ000006717,18651007,TMAX,65,,,G,
UK000047811,18651007,TMAX,150,,,E,
UK000056225,18651007,TMAX,184,,,E,
USC00288878,18651007,TMAX,233,,,6,
ASN00066062,18651008,TMAX,224,,,a,
ASN00086071,18651008,TMAX,221,,,a,
ASN00090015,18651008,TMAX,150,,,a,
AU000005901,18651008,TMAX,165,,,E,
BE000006447,18651008,TMAX,200,,,I,
CA006158350,18651008,TMAX,128,,,C,
EIE00101859,18651008,TMAX,172,,,E,
EZE00100082,18651008,TMAX,160,,,E,
GM000004204,18651008,TMAX,179,,,E,
GME00125218,18651008,TMAX,160,,,E,
GME00127462,18651008,TMAX,133,,,E,
ITE00100550,18651008,TMAX,181,,,E,
ITE00100554,18651008,TMAX,177,,,E,
SWE00139148,18651008,TMAX,89,,,E,
SZ000006717,18651008,TMAX,37,,,G,
UK000047811,18651008,TMAX,167,,,E,
UK000056225,18651008,TMAX,199,,,E,
USC00288878,18651008,TMAX,244,,,6,
AGE00135039,18651009,TMAX,280,,,E,
ASN00066062,18651009,TMAX,312,,,a,
ASN00086071,18651009,TMAX,233,,,a,
ASN00090015,18651009,TMAX,178,,,a,
AU000005901,18651009,TMAX,138,,,E,
BE000006447,18651009,TMAX,202,,,I,
CA006148100,18651009,TMAX,206,,,C,
CA006158350,18651009,TMAX,194,,,C,
EIE00101859,18651009,TMAX,183,,,E,
EZE00100082,18651009,TMAX,123,,,E,
GM000004204,18651009,TMAX,140,,,E,
GME00125218,18651009,TMAX,135,,,E,
GME00127462,18651009,TMAX,80,,,E,
ITE00100550,18651009,TMAX,154,,,E,
ITE00100554,18651009,TMAX,134,,,E,
SWE00139148,18651009,TMAX,50,,,E,
SZ000006717,18651009,TMAX,-1,,,G,
UK000047811,18651009,TMAX,172,,,E,
UK000056225,18651009,TMAX,178,,,E,
USC00288878,18651009,TMAX,256,,,6,
AGE00135039,18651010,TMAX,240,,,E,
ASN00066062,18651010,TMAX,292,,,a,
ASN00086071,18651010,TMAX,161,,,a,
ASN00090015,18651010,TMAX,144,,,a,
AU000005901,18651010,TMAX,133,,,E,
BE000006447,18651010,TMAX,175,,,I,
CA006148100,18651010,TMAX,206,,,C,
CA006158350,18651010,TMAX,217,,,C,
EIE00101859,18651010,TMAX,178,,,E,
EZE00100082,18651010,TMAX,111,,,E,
GM000004204,18651010,TMAX,91,,,E,
GME00125218,18651010,TMAX,80,,,E,
GME00127462,18651010,TMAX,81,,,E,
ITE00100550,18651010,TMAX,160,,,E,
ITE00100554,18651010,TMAX,176,,,E,
SWE00139148,18651010,TMAX,58,,,E,
SZ000006717,18651010,TMAX,29,,,G,
UK000047811,18651010,TMAX,144,,,E,
UK000056225,18651010,TMAX,171,,,E,
USC00288878,18651010,TMAX,283,,,6,
AGE00135039,18651011,TMAX,230,,,E,
ASN00066062,18651011,TMAX,232,,,a,
ASN00086071,18651011,TMAX,139,,,a,
ASN00090015,18651011,TMAX,144,,,a,
AU000005901,18651011,TMAX,181,,,E,
BE000006447,18651011,TMAX,179,,,I,
CA006148100,18651011,TMAX,194,,,C,
CA006158350,18651011,TMAX,167,,,C,
EIE00101859,18651011,TMAX,172,,,E,
EZE00100082,18651011,TMAX,168,,,E,
GM000004204,18651011,TMAX,181,,,E,
GME00125218,18651011,TMAX,153,,,E,
GME00127462,18651011,TMAX,59,,,E,
ITE00100550,18651011,TMAX,205,,,E,
ITE00100554,18651011,TMAX,193,,,E,
SWE00139148,18651011,TMAX,79,,,E,
SZ000006717,18651011,TMAX,25,,,G,
UK000047811,18651011,TMAX,139,,,E,
UK000056225,18651011,TMAX,147,,,E,
USC00288878,18651011,TMAX,244,,,6,
AGE00135039,18651012,TMAX,220,,,E,
ASN00066062,18651012,TMAX,182,,,a,
ASN00086071,18651012,TMAX,139,,,a,
ASN00090015,18651012,TMAX,161,,,a,
AU000005901,18651012,TMAX,205,,,E,
BE000006447,18651012,TMAX,158,,,I,
CA006148100,18651012,TMAX,172,,,C,
CA006158350,18651012,TMAX,106,,,C,
EIE00101859,18651012,TMAX,156,,,E,
EZE00100082,18651012,TMAX,162,,,E,
GM000004204,18651012,TMAX,161,,,E,
GME00125218,18651012,TMAX,168,,,E,
GME00127462,18651012,TMAX,91,,,E,
ITE00100550,18651012,TMAX,213,,,E,
ITE00100554,18651012,TMAX,185,,,E,
SWE00139148,18651012,TMAX,66,,,E,
SZ000006717,18651012,TMAX,35,,,G,
UK000047811,18651012,TMAX,139,,,E,
UK000056225,18651012,TMAX,136,,,E,
USC00288878,18651012,TMAX,211,,,6,
AGE00135039,18651013,TMAX,235,,,E,
ASN00066062,18651013,TMAX,172,,,a,
ASN00086071,18651013,TMAX,173,,,a,
ASN00090015,18651013,TMAX,161,,,a,
AU000005901,18651013,TMAX,165,,,E,
BE000006447,18651013,TMAX,164,,,I,
CA006148100,18651013,TMAX,94,,,C,
CA006158350,18651013,TMAX,94,,,C,
EIE00101859,18651013,TMAX,161,,,E,
EZE00100082,18651013,TMAX,149,,,E,
GM000004204,18651013,TMAX,166,,,E,
GME00125218,18651013,TMAX,161,,,E,
GME00127462,18651013,TMAX,146,,,E,
ITE00100550,18651013,TMAX,194,,,E,
ITE00100554,18651013,TMAX,168,,,E,
SWE00139148,18651013,TMAX,72,,,E,
SZ000006717,18651013,TMAX,2,,,G,
UK000047811,18651013,TMAX,139,,,E,
UK000056225,18651013,TMAX,117,,,E,
USC00288878,18651013,TMAX,222,,,6,
AGE00135039,18651014,TMAX,220,,,E,
ASN00066062,18651014,TMAX,212,,,a,
ASN00086071,18651014,TMAX,237,,,a,
ASN00090015,18651014,TMAX,178,,,a,
AU000005901,18651014,TMAX,123,,,E,
BE000006447,18651014,TMAX,146,,,I,
CA006148100,18651014,TMAX,128,,,C,
CA006158350,18651014,TMAX,128,,,C,
EIE00101859,18651014,TMAX,156,,,E,
EZE00100082,18651014,TMAX,117,,,E,
GM000004204,18651014,TMAX,125,,,E,
GME00125218,18651014,TMAX,123,,,E,
GME00127462,18651014,TMAX,94,,,E,
ITE00100550,18651014,TMAX,185,,,E,
ITE00100554,18651014,TMAX,165,,,E,
SWE00139148,18651014,TMAX,36,,,E,
SZ000006717,18651014,TMAX,-6,,,G,
UK000047811,18651014,TMAX,139,,,E,
UK000056225,18651014,TMAX,138,,,E,
USC00288878,18651014,TMAX,178,,,6,
ASN00066062,18651015,TMAX,250,,,a,
ASN00086071,18651015,TMAX,141,,,a,
ASN00090015,18651015,TMAX,139,,,a,
AU000005901,18651015,TMAX,114,,,E,
BE000006447,18651015,TMAX,148,,,I,
CA006158350,18651015,TMAX,100,,,C,
EIE00101859,18651015,TMAX,161,,,E,
EZE00100082,18651015,TMAX,111,,,E,
GM000004204,18651015,TMAX,119,,,E,
GME00125218,18651015,TMAX,114,,,E,
GME00127462,18651015,TMAX,88,,,E,
ITE00100550,18651015,TMAX,171,,,E,
ITE00100554,18651015,TMAX,170,,,E,
SWE00139148,18651015,TMAX,55,,,E,
SZ000006717,18651015,TMAX,-3,,,G,
UK000047811,18651015,TMAX,139,,,E,
UK000056225,18651015,TMAX,138,,,E,
USC00288878,18651015,TMAX,133,,,6,
AGE00135039,18651016,TMAX,215,,,E,
ASN00066062,18651016,TMAX,189,,,a,
ASN00086071,18651016,TMAX,245,,,a,
ASN00090015,18651016,TMAX,178,,,a,
AU000005901,18651016,TMAX,138,,,E,
BE000006447,18651016,TMAX,140,,,I,
CA006148100,18651016,TMAX,78,,,C,
CA006158350,18651016,TMAX,100,,,C,
EIE00101859,18651016,TMAX,150,,,E,
EZE00100082,18651016,TMAX,135,,,E,
GM000004204,18651016,TMAX,143,,,E,
GME00125218,18651016,TMAX,134,,,E,
GME00127462,18651016,TMAX,88,,,E,
ITE00100550,18651016,TMAX,181,,,E,
ITE00100554,18651016,TMAX,178,,,E,
SWE00139148,18651016,TMAX,14,,,E,
SZ000006717,18651016,TMAX,17,,,G,
UK000047811,18651016,TMAX,139,,,E,
UK000056225,18651016,TMAX,156,,,E,
USC00288878,18651016,TMAX,211,,,6,
AGE00135039,18651017,TMAX,230,,,E,
ASN00066062,18651017,TMAX,261,,,a,
ASN00086071,18651017,TMAX,155,,,a,
ASN00090015,18651017,TMAX,139,,,a,
AU000005901,18651017,TMAX,150,,,E,
BE000006447,18651017,TMAX,145,,,I,
CA006148100,18651017,TMAX,94,,,C,
CA006158350,18651017,TMAX,117,,,C,
EIE00101859,18651017,TMAX,167,,,E,
EZE00100082,18651017,TMAX,131,,,E,
GM000004204,18651017,TMAX,161,,,E,
GME00125218,18651017,TMAX,160,,,E,
GME00127462,18651017,TMAX,89,,,E,
ITE00100550,18651017,TMAX,173,,,E,
ITE00100554,18651017,TMAX,171,,,E,
SWE00139148,18651017,TMAX,23,,,E,
SZ000006717,18651017,TMAX,39,,,G,
UK000047811,18651017,TMAX,106,,,E,
UK000056225,18651017,TMAX,106,,,E,
USC00288878,18651017,TMAX,211,,,6,
AGE00135039,18651018,TMAX,230,,,E,
ASN00066062,18651018,TMAX,208,,,a,
ASN00086071,18651018,TMAX,156,,,a,
ASN00090015,18651018,TMAX,150,,,a,
AU000005901,18651018,TMAX,155,,,E,
BE000006447,18651018,TMAX,159,,,I,
CA006148100,18651018,TMAX,117,,,C,
CA006158350,18651018,TMAX,150,,,C,
EIE00101859,18651018,TMAX,156,,,E,
EZE00100082,18651018,TMAX,141,,,E,
GM000004204,18651018,TMAX,183,,,E,
GME00125218,18651018,TMAX,173,,,E,
GME00127462,18651018,TMAX,113,,,E,
ITE00100550,18651018,TMAX,198,,,E,
ITE00100554,18651018,TMAX,126,,,E,
SWE00139148,18651018,TMAX,6,,,E,
SZ000006717,18651018,TMAX,-1,,,G,
UK000047811,18651018,TMAX,106,,,E,
UK000056225,18651018,TMAX,77,,,E,
USC00288878,18651018,TMAX,189,,,6,
AGE00135039,18651019,TMAX,230,,,E,
ASN00066062,18651019,TMAX,184,,,a,
ASN00086071,18651019,TMAX,141,,,a,
ASN00090015,18651019,TMAX,183,,,a,
AU000005901,18651019,TMAX,213,,,E,
BE000006447,18651019,TMAX,140,,,I,
CA006148100,18651019,TMAX,94,,,C,
CA006158350,18651019,TMAX,128,,,C,
EIE00101859,18651019,TMAX,150,,,E,
EZE00100082,18651019,TMAX,172,,,E,
GM000004204,18651019,TMAX,170,,,E,
GME00125218,18651019,TMAX,163,,,E,
GME00127462,18651019,TMAX,110,,,E,
ITE00100550,18651019,TMAX,206,,,E,
ITE00100554,18651019,TMAX,176,,,E,
SWE00139148,18651019,TMAX,65,,,E,
SZ000006717,18651019,TMAX,-10,,,G,
UK000047811,18651019,TMAX,100,,,E,
UK000056225,18651019,TMAX,105,,,E,
USC00288878,18651019,TMAX,172,,,6,
AGE00135039,18651020,TMAX,210,,,E,
ASN00066062,18651020,TMAX,202,,,a,
ASN00086071,18651020,TMAX,173,,,a,
ASN00090015,18651020,TMAX,150,,,a,
AU000005901,18651020,TMAX,135,,,E,
BE000006447,18651020,TMAX,128,,,I,
CA006148100,18651020,TMAX,72,,,C,
CA006158350,18651020,TMAX,94,,,C,
EIE00101859,18651020,TMAX,144,,,E,
EZE00100082,18651020,TMAX,135,,,E,
GM000004204,18651020,TMAX,124,,,E,
GME00125218,18651020,TMAX,130,,,E,
GME00127462,18651020,TMAX,105,,,E,
ITE00100550,18651020,TMAX,196,,,E,
ITE00100554,18651020,TMAX,179,,,E,
SWE00139148,18651020,TMAX,102,,,E,
SZ000006717,18651020,TMAX,-21,,,G,
UK000047811,18651020,TMAX,106,,,E,
UK000056225,18651020,TMAX,100,,,E,
USC00288878,18651020,TMAX,200,,,6,
AGE00135039,18651021,TMAX,215,,,E,
ASN00066062,18651021,TMAX,207,,,a,
ASN00086071,18651021,TMAX,189,,,a,
ASN00090015,18651021,TMAX,156,,,a,
AU000005901,18651021,TMAX,155,,,E,
BE000006447,18651021,TMAX,133,,,I,
CA006148100,18651021,TMAX,56,,,C,
CA006158350,18651021,TMAX,89,,,C,
EIE00101859,18651021,TMAX,144,,,E,
EZE00100082,18651021,TMAX,130,,,E,
GM000004204,18651021,TMAX,134,,,E,
GME00125218,18651021,TMAX,133,,,E,
GME00127462,18651021,TMAX,105,,,E,
ITE00100550,18651021,TMAX,179,,,E,
ITE00100554,18651021,TMAX,176,,,E,
SWE00139148,18651021,TMAX,81,,,E,
SZ000006717,18651021,TMAX,10,,,G,
UK000047811,18651021,TMAX,106,,,E,
UK000056225,18651021,TMAX,84,,,E,
USC00288878,18651021,TMAX,144,,,6,
ASN00066062,18651022,TMAX,226,,,a,
ASN00086071,18651022,TMAX,167,,,a,
ASN00090015,18651022,TMAX,156,,,a,
AU000005901,18651022,TMAX,173,,,E,
BE000006447,18651022,TMAX,132,,,I,
CA006158350,18651022,TMAX,117,,,C,
EIE00101859,18651022,TMAX,139,,,E,
EZE00100082,18651022,TMAX,138,,,E,
GM000004204,18651022,TMAX,140,,,E,
GME00125218,18651022,TMAX,139,,,E,
GME00127462,18651022,TMAX,96,,,E,
ITE00100550,18651022,TMAX,184,,,E,
ITE00100554,18651022,TMAX,137,,,E,
SWE00139148,18651022,TMAX,92,,,E,
SZ000006717,18651022,TMAX,1,,,G,
UK000047811,18651022,TMAX,106,,,E,
UK000056225,18651022,TMAX,116,,,E,
USC00288878,18651022,TMAX,133,,I,6,
AGE00135039,18651023,TMAX,238,,,E,
ASN00066062,18651023,TMAX,222,,,a,
ASN00086071,18651023,TMAX,168,,,a,
ASN00090015,18651023,TMAX,178,,,a,
AU000005901,18651023,TMAX,129,,,E,
BE000006447,18651023,TMAX,130,,,I,
CA006148100,18651023,TMAX,94,,,C,
CA006158350,18651023,TMAX,83,,,C,
EIE00101859,18651023,TMAX,133,,,E,
EZE00100082,18651023,TMAX,107,,,E,
GM000004204,18651023,TMAX,141,,,E,
GME00125218,18651023,TMAX,144,,,E,
GME00127462,18651023,TMAX,100,,,E,
ITE00100550,18651023,TMAX,194,,,E,
ITE00100554,18651023,TMAX,175,,,E,
SWE00139148,18651023,TMAX,89,,,E,
SZ000006717,18651023,TMAX,6,,,G,
UK000047811,18651023,TMAX,133,,,E,
UK000056225,18651023,TMAX,144,,,E,
USC00288878,18651023,TMAX,211,,,6,
AGE00135039,18651024,TMAX,200,,,E,
ASN00066062,18651024,TMAX,234,,,a,
ASN00086071,18651024,TMAX,181,,,a,
ASN00090015,18651024,TMAX,156,,,a,
AU000005901,18651024,TMAX,163,,,E,
BE000006447,18651024,TMAX,129,,,I,
CA006148100,18651024,TMAX,56,,,C,
CA006158350,18651024,TMAX,72,,,C,
EIE00101859,18651024,TMAX,139,,,E,
EZE00100082,18651024,TMAX,129,,,E,
GM000004204,18651024,TMAX,115,,,E,
GME00125218,18651024,TMAX,118,,,E,
GME00127462,18651024,TMAX,90,,,E,
ITE00100550,18651024,TMAX,188,,,E,
ITE00100554,18651024,TMAX,172,,,E,
SWE00139148,18651024,TMAX,65,,,E,
SZ000006717,18651024,TMAX,34,,,G,
UK000047811,18651024,TMAX,117,,,E,
UK000056225,18651024,TMAX,130,,,E,
USC00288878,18651024,TMAX,167,,,6,
AGE00135039,18651025,TMAX,180,,,E,
ASN00066062,18651025,TMAX,213,,,a,
ASN00086071,18651025,TMAX,294,,,a,
ASN00090015,18651025,TMAX,228,,,a,
AU000005901,18651025,TMAX,188,,,E,
BE000006447,18651025,TMAX,126,,,I,
CA006148100,18651025,TMAX,72,,,C,
CA006158350,18651025,TMAX,83,,,C,
EIE00101859,18651025,TMAX,122,,,E,
EZE00100082,18651025,TMAX,125,,,E,
GM000004204,18651025,TMAX,124,,,E,
GME00125218,18651025,TMAX,120,,,E,
GME00127462,18651025,TMAX,73,,,E,
ITE00100550,18651025,TMAX,196,,,E,
ITE00100554,18651025,TMAX,176,,,E,
SWE00139148,18651025,TMAX,46,,,E,
SZ000006717,18651025,TMAX,25,,,G,
UK000047811,18651025,TMAX,128,,,E,
UK000056225,18651025,TMAX,147,,,E,
USC00288878,18651025,TMAX,167,,,6,
AGE00135039,18651026,TMAX,215,,,E,
ASN00066062,18651026,TMAX,237,,,a,
ASN00086071,18651026,TMAX,300,,,a,
ASN00090015,18651026,TMAX,239,,,a,
AU000005901,18651026,TMAX,126,,,E,
BE000006447,18651026,TMAX,131,,,I,
CA006148100,18651026,TMAX,44,,,C,
CA006158350,18651026,TMAX,61,,,C,
EIE00101859,18651026,TMAX,111,,,E,
EZE00100082,18651026,TMAX,110,,,E,
GM000004204,18651026,TMAX,109,,,E,
GME00125218,18651026,TMAX,108,,,E,
GME00127462,18651026,TMAX,78,,,E,
ITE00100550,18651026,TMAX,194,,,E,
ITE00100554,18651026,TMAX,165,,,E,
SWE00139148,18651026,TMAX,30,,,E,
SZ000006717,18651026,TMAX,30,,,G,
UK000047811,18651026,TMAX,111,,,E,
UK000056225,18651026,TMAX,128,,,E,
USC00288878,18651026,TMAX,172,,,6,
AGE00135039,18651027,TMAX,230,,,E,
ASN00066062,18651027,TMAX,350,,,a,
ASN00086071,18651027,TMAX,211,,,a,
ASN00090015,18651027,TMAX,178,,,a,
AU000005901,18651027,TMAX,125,,,E,
BE000006447,18651027,TMAX,131,,,I,
CA006148100,18651027,TMAX,0,,,C,
CA006158350,18651027,TMAX,11,,,C,
EIE00101859,18651027,TMAX,100,,,E,
EZE00100082,18651027,TMAX,128,,,E,
GM000004204,18651027,TMAX,145,,,E,
GME00125218,18651027,TMAX,135,,,E,
GME00127462,18651027,TMAX,101,,,E,
ITE00100550,18651027,TMAX,169,,,E,
ITE00100554,18651027,TMAX,112,,,E,
SWE00139148,18651027,TMAX,66,,,E,
SZ000006717,18651027,TMAX,-12,,,G,
UK000047811,18651027,TMAX,89,,,E,
UK000056225,18651027,TMAX,83,,,E,
USC00288878,18651027,TMAX,178,,,6,
AGE00135039,18651028,TMAX,220,,,E,
ASN00066062,18651028,TMAX,228,,,a,
ASN00086071,18651028,TMAX,181,,,a,
ASN00090015,18651028,TMAX,150,,,a,
AU000005901,18651028,TMAX,148,,,E,
BE000006447,18651028,TMAX,87,,,I,
CA006148100,18651028,TMAX,11,,,C,
CA006158350,18651028,TMAX,22,,,C,
EIE00101859,18651028,TMAX,94,,,E,
EZE00100082,18651028,TMAX,131,,,E,
GM000004204,18651028,TMAX,121,,,E,
GME00125218,18651028,TMAX,103,,,E,
GME00127462,18651028,TMAX,71,,,E,
ITE00100550,18651028,TMAX,100,,,E,
ITE00100554,18651028,TMAX,100,,,E,
SWE00139148,18651028,TMAX,101,,,E,
SZ000006717,18651028,TMAX,-24,,,G,
UK000047811,18651028,TMAX,122,,,E,
UK000056225,18651028,TMAX,154,,,E,
USC00288878,18651028,TMAX,194,,,6,
ASN00066062,18651029,TMAX,207,,,a,
ASN00086071,18651029,TMAX,167,,,a,
ASN00090015,18651029,TMAX,189,,,a,
AU000005901,18651029,TMAX,96,,,E,
BE000006447,18651029,TMAX,134,,,I,
CA006158350,18651029,TMAX,50,,,C,
EIE00101859,18651029,TMAX,106,,,E,
EZE00100082,18651029,TMAX,87,,,E,
GM000004204,18651029,TMAX,80,,,E,
GME00125218,18651029,TMAX,88,,,E,
GME00127462,18651029,TMAX,70,,,E,
ITE00100550,18651029,TMAX,150,,,E,
ITE00100554,18651029,TMAX,143,,,E,
SWE00139148,18651029,TMAX,38,,,E,
SZ000006717,18651029,TMAX,-7,,,G,
UK000047811,18651029,TMAX,106,,,E,
UK000056225,18651029,TMAX,101,,,E,
USC00288878,18651029,TMAX,122,,I,6,
AGE00135039,18651030,TMAX,215,,,E,
ASN00066062,18651030,TMAX,212,,,a,
ASN00086071,18651030,TMAX,233,,,a,
ASN00090015,18651030,TMAX,172,,,a,
AU000005901,18651030,TMAX,135,,,E,
BE000006447,18651030,TMAX,140,,,I,
CA006148100,18651030,TMAX,61,,,C,
CA006158350,18651030,TMAX,83,,,C,
EIE00101859,18651030,TMAX,111,,,E,
EZE00100082,18651030,TMAX,119,,,E,
GM000004204,18651030,TMAX,141,,,E,
GME00125218,18651030,TMAX,134,,,E,
GME00127462,18651030,TMAX,99,,,E,
ITE00100550,18651030,TMAX,148,,,E,
ITE00100554,18651030,TMAX,145,,,E,
SWE00139148,18651030,TMAX,69,,,E,
SZ000006717,18651030,TMAX,-7,,,G,
UK000047811,18651030,TMAX,106,,,E,
UK000056225,18651030,TMAX,86,,,E,
USC00288878,18651030,TMAX,156,,,6,
AGE00135039,18651031,TMAX,217,,,E,
ASN00066062,18651031,TMAX,228,,,a,
ASN00086071,18651031,TMAX,328,,,a,
ASN00090015,18651031,TMAX,289,,,a,
AU000005901,18651031,TMAX,114,,,E,
BE000006447,18651031,TMAX,126,,,I,
CA006148100,18651031,TMAX,56,,,C,
CA006158350,18651031,TMAX,100,,,C,
EIE00101859,18651031,TMAX,117,,,E,
EZE00100082,18651031,TMAX,142,,,E,
GM000004204,18651031,TMAX,140,,,E,
GME00125218,18651031,TMAX,140,,,E,
GME00127462,18651031,TMAX,114,,,E,
ITE00100550,18651031,TMAX,160,,,E,
ITE00100554,18651031,TMAX,114,,,E,
SWE00139148,18651031,TMAX,79,,,E,
SZ000006717,18651031,TMAX,-22,,,G,
UK000047811,18651031,TMAX,100,,,E,
UK000056225,18651031,TMAX,83,,,E,
USC00288878,18651031,TMAX,100,,,6,
ASN00066062,18651101,TMAX,362,,,a,
ASN00086071,18651101,TMAX,197,,,a,
ASN00090015,18651101,TMAX,272,,,a,
AU000005901,18651101,TMAX,106,,,E,
BE000006447,18651101,TMAX,104,,,I,
CA006148100,18651101,TMAX,78,,,C,
CA006158350,18651101,TMAX,100,,,C,
EIE00101859,18651101,TMAX,122,,,E,
EZE00100082,18651101,TMAX,95,,,E,
GM000004204,18651101,TMAX,134,,,E,
GME00125218,18651101,TMAX,135,,,E,
GME00127462,18651101,TMAX,113,,,E,
ITE00100550,18651101,TMAX,155,,,E,
ITE00100554,18651101,TMAX,114,,,E,
SWE00139148,18651101,TMAX,86,,,E,
SZ000006717,18651101,TMAX,-28,,,G,
UK000047811,18651101,TMAX,94,,,E,
UK000056225,18651101,TMAX,106,,,E,
USC00288878,18651101,TMAX,200,,,6,
AGE00135039,18651102,TMAX,200,,,E,
ASN00066062,18651102,TMAX,258,,,a,
ASN00086071,18651102,TMAX,195,,,a,
ASN00090015,18651102,TMAX,161,,,a,
AU000005901,18651102,TMAX,121,,,E,
BE000006447,18651102,TMAX,95,,,I,
CA006148100,18651102,TMAX,89,,,C,
CA006158350,18651102,TMAX,111,,,C,
EIE00101859,18651102,TMAX,117,,,E,
EZE00100082,18651102,TMAX,90,,,E,
GM000004204,18651102,TMAX,111,,,E,
GME00125218,18651102,TMAX,106,,,E,
GME00127462,18651102,TMAX,85,,,E,
ITE00100550,18651102,TMAX,125,,,E,
ITE00100554,18651102,TMAX,122,,,E,
SWE00139148,18651102,TMAX,77,,,E,
SZ000006717,18651102,TMAX,-12,,,G,
UK000047811,18651102,TMAX,100,,,E,
UK000056225,18651102,TMAX,97,,,E,
USC00288878,18651102,TMAX,156,,,6,
AGE00135039,18651103,TMAX,183,,,E,
ASN00066062,18651103,TMAX,173,,,a,
ASN00086071,18651103,TMAX,167,,,a,
ASN00090015,18651103,TMAX,178,,,a,
AU000005901,18651103,TMAX,163,,,E,
BE000006447,18651103,TMAX,92,,,I,
CA006148100,18651103,TMAX,72,,,C,
CA006158350,18651103,TMAX,100,,,C,
EIE00101859,18651103,TMAX,128,,,E,
EZE00100082,18651103,TMAX,100,,,E,
GM000004204,18651103,TMAX,76,,,E,
GME00125218,18651103,TMAX,73,,,E,
GME00127462,18651103,TMAX,88,,,E,
ITE00100550,18651103,TMAX,134,,,E,
ITE00100554,18651103,TMAX,125,,,E,
SWE00139148,18651103,TMAX,52,,,E,
SZ000006717,18651103,TMAX,13,,,G,
UK000047811,18651103,TMAX,106,,,E,
UK000056225,18651103,TMAX,94,,,E,
USC00288878,18651103,TMAX,156,,,6,
AGE00135039,18651104,TMAX,190,,,E,
ASN00066062,18651104,TMAX,216,,,a,
ASN00086071,18651104,TMAX,283,,,a,
ASN00090015,18651104,TMAX,200,,,a,
AU000005901,18651104,TMAX,128,,,E,
BE000006447,18651104,TMAX,95,,,I,
CA006148100,18651104,TMAX,56,,,C,
CA006158350,18651104,TMAX,89,,,C,
EIE00101859,18651104,TMAX,111,,,E,
EZE00100082,18651104,TMAX,105,,,E,
GM000004204,18651104,TMAX,69,,,E,
GME00125218,18651104,TMAX,78,,,E,
GME00127462,18651104,TMAX,80,,,E,
ITE00100550,18651104,TMAX,159,,,E,
ITE00100554,18651104,TMAX,134,,,E,
SWE00139148,18651104,TMAX,67,,,E,
SZ000006717,18651104,TMAX,-43,,,G,
UK000047811,18651104,TMAX,67,,,E,
UK000056225,18651104,TMAX,88,,,E,
USC00288878,18651104,TMAX,133,,,6,
ASN00066062,18651105,TMAX,224,,,a,
ASN00086071,18651105,TMAX,194,,,a,
ASN00090015,18651105,TMAX,200,,,a,
AU000005901,18651105,TMAX,103,,,E,
BE000006447,18651105,TMAX,97,,,I,
CA006158350,18651105,TMAX,17,,,C,
EIE00101859,18651105,TMAX,117,,,E,
EZE00100082,18651105,TMAX,89,,,E,
GM000004204,18651105,TMAX,68,,,E,
GME00125218,18651105,TMAX,68,,,E,
GME00127462,18651105,TMAX,79,,,E,
ITE00100550,18651105,TMAX,141,,,E,
ITE00100554,18651105,TMAX,135,,,E,
SWE00139148,18651105,TMAX,47,,,E,
SZ000006717,18651105,TMAX,-7,,,G,
UK000047811,18651105,TMAX,78,,,E,
UK000056225,18651105,TMAX,78,,,E,
USC00288878,18651105,TMAX,128,,,6,
AGE00135039,18651106,TMAX,185,,,E,
ASN00066062,18651106,TMAX,224,,,a,
ASN00086071,18651106,TMAX,194,,,a,
ASN00090015,18651106,TMAX,167,,,a,
AU000005901,18651106,TMAX,95,,,E,
BE000006447,18651106,TMAX,74,,,I,
CA006148100,18651106,TMAX,17,,,C,
CA006158350,18651106,TMAX,50,,,C,
EIE00101859,18651106,TMAX,111,,,E,
EZE00100082,18651106,TMAX,83,,,E,
GM000004204,18651106,TMAX,75,,,E,
GME00125218,18651106,TMAX,83,,,E,
GME00127462,18651106,TMAX,84,,,E,
ITE00100550,18651106,TMAX,146,,,E,
ITE00100554,18651106,TMAX,133,,,E,
SWE00139148,18651106,TMAX,39,,,E,
SZ000006717,18651106,TMAX,-6,,,G,
UK000047811,18651106,TMAX,100,,,E,
UK000056225,18651106,TMAX,86,,,E,
USC00288878,18651106,TMAX,122,,,6,
AGE00135039,18651107,TMAX,200,,,E,
ASN00066062,18651107,TMAX,235,,,a,
ASN00086071,18651107,TMAX,294,,,a,
ASN00090015,18651107,TMAX,211,,,a,
AU000005901,18651107,TMAX,94,,,E,
BE000006447,18651107,TMAX,88,,,I,
CA006148100,18651107,TMAX,6,,,C,
CA006158350,18651107,TMAX,11,,,C,
EIE00101859,18651107,TMAX,133,,,E,
EZE00100082,18651107,TMAX,73,,,E,
GM000004204,18651107,TMAX,86,,,E,
GME00125218,18651107,TMAX,85,,,E,
GME00127462,18651107,TMAX,85,,,E,
ITE00100550,18651107,TMAX,150,,,E,
ITE00100554,18651107,TMAX,135,,,E,
SWE00139148,18651107,TMAX,44,,,E,
SZ000006717,18651107,TMAX,-31,,,G,
UK000047811,18651107,TMAX,72,,,E,
UK000056225,18651107,TMAX,95,,,E,
USC00288878,18651107,TMAX,122,,,6,
AGE00135039,18651108,TMAX,202,,,E,
ASN00066062,18651108,TMAX,239,,,a,
ASN00086071,18651108,TMAX,233,,,a,
ASN00090015,18651108,TMAX,200,,,a,
AU000005901,18651108,TMAX,110,,,E,
BE000006447,18651108,TMAX,92,,,I,
CA006148100,18651108,TMAX,56,,,C,
CA006158350,18651108,TMAX,72,,,C,
EIE00101859,18651108,TMAX,122,,,E,
EZE00100082,18651108,TMAX,95,,,E,
GM000004204,18651108,TMAX,78,,,E,
GME00125218,18651108,TMAX,80,,,E,
GME00127462,18651108,TMAX,80,,,E,
ITE00100550,18651108,TMAX,144,,,E,
ITE00100554,18651108,TMAX,115,,,E,
SWE00139148,18651108,TMAX,46,,,E,
SZ000006717,18651108,TMAX,-25,,,G,
UK000047811,18651108,TMAX,94,,,E,
UK000056225,18651108,TMAX,101,,,E,
USC00288878,18651108,TMAX,100,,,6,
AGE00135039,18651109,TMAX,220,,,E,
ASN00066062,18651109,TMAX,238,,,a,
ASN00086071,18651109,TMAX,299,,,a,
ASN00090015,18651109,TMAX,200,,,a,
AU000005901,18651109,TMAX,111,,,E,
BE000006447,18651109,TMAX,82,,,I,
CA006148100,18651109,TMAX,50,,,C,
CA006158350,18651109,TMAX,78,,,C,
EIE00101859,18651109,TMAX,111,,,E,
EZE00100082,18651109,TMAX,99,,,E,
GM000004204,18651109,TMAX,66,,,E,
GME00125218,18651109,TMAX,66,,,E,
GME00127462,18651109,TMAX,75,,,E,
ITE00100550,18651109,TMAX,136,,,E,
ITE00100554,18651109,TMAX,140,,,E,
SWE00139148,18651109,TMAX,56,,,E,
SZ000006717,18651109,TMAX,-46,,,G,
UK000047811,18651109,TMAX,94,,,E,
UK000056225,18651109,TMAX,88,,,E,
USC00288878,18651109,TMAX,178,,,6,
AGE00135039,18651110,TMAX,220,,,E,
ASN00066062,18651110,TMAX,234,,,a,
ASN00086071,18651110,TMAX,300,,,a,
ASN00090015,18651110,TMAX,239,,,a,
AU000005901,18651110,TMAX,80,,,E,
BE000006447,18651110,TMAX,83,,,I,
CA006148100,18651110,TMAX,0,,,C,
CA006158350,18651110,TMAX,6,,,C,
EIE00101859,18651110,TMAX,117,,,E,
EZE00100082,18651110,TMAX,67,,,E,
GM000004204,18651110,TMAX,61,,,E,
GME00125218,18651110,TMAX,63,,,E,
GME00127462,18651110,TMAX,44,,,E,
ITE00100550,18651110,TMAX,115,,,E,
ITE00100554,18651110,TMAX,155,,,E,
SWE00139148,18651110,TMAX,57,,,E,
SZ000006717,18651110,TMAX,-80,,,G,
UK000047811,18651110,TMAX,106,,,E,
UK000056225,18651110,TMAX,84,,,E,
USC00288878,18651110,TMAX,133,,,6,
AGE00135039,18651111,TMAX,210,,,E,
ASN00066062,18651111,TMAX,247,,,a,
ASN00086071,18651111,TMAX,373,,,a,
ASN00090015,18651111,TMAX,283,,,a,
AU000005901,18651111,TMAX,79,,,E,
BE000006447,18651111,TMAX,98,,,I,
CA006148100,18651111,TMAX,11,,,C,
CA006158350,18651111,TMAX,0,,,C,
EIE00101859,18651111,TMAX,122,,,E,
EZE00100082,18651111,TMAX,75,,,E,
GM000004204,18651111,TMAX,81,,,E,
GME00125218,18651111,TMAX,84,,,E,
GME00127462,18651111,TMAX,83,,,E,
ITE00100550,18651111,TMAX,116,,,E,
ITE00100554,18651111,TMAX,143,,,E,
SWE00139148,18651111,TMAX,23,,,E,
SZ000006717,18651111,TMAX,-4,,,G,
UK000047811,18651111,TMAX,106,,,E,
UK000056225,18651111,TMAX,99,,,E,
USC00288878,18651111,TMAX,100,,,6,
ASN00066062,18651112,TMAX,283,,,a,
ASN00086071,18651112,TMAX,181,,,a,
ASN00090015,18651112,TMAX,189,,,a,
AU000005901,18651112,TMAX,85,,,E,
BE000006447,18651112,TMAX,101,,,I,
CA006158350,18651112,TMAX,89,,,C,
EIE00101859,18651112,TMAX,128,,,E,
EZE00100082,18651112,TMAX,87,,,E,
GM000004204,18651112,TMAX,86,,,E,
GME00125218,18651112,TMAX,76,,,E,
GME00127462,18651112,TMAX,34,,,E,
ITE00100550,18651112,TMAX,104,,,E,
ITE00100554,18651112,TMAX,115,,,E,
SWE00139148,18651112,TMAX,27,,,E,
SZ000006717,18651112,TMAX,25,,,G,
UK000047811,18651112,TMAX,100,,,E,
UK000056225,18651112,TMAX,77,,,E,
USC00288878,18651112,TMAX,100,,,6,
AGE00135039,18651113,TMAX,195,,,E,
ASN00066062,18651113,TMAX,205,,,a,
ASN00086071,18651113,TMAX,221,,,a,
ASN00090015,18651113,TMAX,167,,,a,
AU000005901,18651113,TMAX,45,,,E,
BE000006447,18651113,TMAX,71,,,I,
CA006148100,18651113,TMAX,111,,,C,
CA006158350,18651113,TMAX,139,,,C,
EIE00101859,18651113,TMAX,111,,,E,
EZE00100082,18651113,TMAX,39,,,E,
GM000004204,18651113,TMAX,38,,,E,
GME00125218,18651113,TMAX,48,,,E,
GME00127462,18651113,TMAX,38,,,E,
ITE00100550,18651113,TMAX,113,,,E,
ITE00100554,18651113,TMAX,105,,,E,
SWE00139148,18651113,TMAX,35,,,E,
SZ000006717,18651113,TMAX,-6,,,G,
UK000047811,18651113,TMAX,106,,,E,
UK000056225,18651113,TMAX,110,,,E,
USC00288878,18651113,TMAX,156,,,6,
AGE00135039,18651114,TMAX,165,,,E,
ASN00066062,18651114,TMAX,252,,,a,
ASN00086071,18651114,TMAX,217,,,a,
ASN00090015,18651114,TMAX,172,,,a,
AU000005901,18651114,TMAX,31,,,E,
BE000006447,18651114,TMAX,91,,,I,
CA006148100,18651114,TMAX,133,,,C,
CA006158350,18651114,TMAX,128,,,C,
EIE00101859,18651114,TMAX,100,,,E,
EZE00100082,18651114,TMAX,25,,,E,
GM000004204,18651114,TMAX,50,,,E,
GME00125218,18651114,TMAX,43,,,E,
GME00127462,18651114,TMAX,41,,,E,
ITE00100550,18651114,TMAX,79,,,E,
ITE00100554,18651114,TMAX,90,,,E,
SWE00139148,18651114,TMAX,57,,,E,
SZ000006717,18651114,TMAX,-19,,,G,
UK000047811,18651114,TMAX,89,,,E,
UK000056225,18651114,TMAX,99,,,E,
USC00288878,18651114,TMAX,156,,,6,
AGE00135039,18651115,TMAX,170,,,E,
ASN00066062,18651115,TMAX,226,,,a,
ASN00086071,18651115,TMAX,217,,,a,
ASN00090015,18651115,TMAX,167,,,a,
AU000005901,18651115,TMAX,38,,,E,
BE000006447,18651115,TMAX,95,,,I,
CA006148100,18651115,TMAX,122,,,C,
CA006158350,18651115,TMAX,161,,,C,
EIE00101859,18651115,TMAX,117,,,E,
EZE00100082,18651115,TMAX,28,,,E,
GM000004204,18651115,TMAX,73,,,E,
GME00125218,18651115,TMAX,64,,,E,
GME00127462,18651115,TMAX,28,,,E,
ITE00100550,18651115,TMAX,86,,,E,
ITE00100554,18651115,TMAX,80,,,E,
SWE00139148,18651115,TMAX,22,,,E,
SZ000006717,18651115,TMAX,12,,,G,
UK000047811,18651115,TMAX,122,,,E,
UK000056225,18651115,TMAX,127,,,E,
USC00288878,18651115,TMAX,156,,,6,
AGE00135039,18651116,TMAX,168,,,E,
ASN00066062,18651116,TMAX,273,,,a,
ASN00086071,18651116,TMAX,243,,,a,
ASN00090015,18651116,TMAX,161,,,a,
AU000005901,18651116,TMAX,53,,,E,
BE000006447,18651116,TMAX,104,,,I,
CA006148100,18651116,TMAX,156,,,C,
CA006158350,18651116,TMAX,128,,,C,
EIE00101859,18651116,TMAX,106,,,E,
EZE00100082,18651116,TMAX,15,,,E,
GM000004204,18651116,TMAX,61,,,E,
GME00125218,18651116,TMAX,53,,,E,
GME00127462,18651116,TMAX,56,,,E,
ITE00100550,18651116,TMAX,85,,,E,
ITE00100554,18651116,TMAX,52,,,E,
SWE00139148,18651116,TMAX,32,,,E,
SZ000006717,18651116,TMAX,9,,,G,
UK000047811,18651116,TMAX,128,,,E,
UK000056225,18651116,TMAX,134,,,E,
USC00288878,18651116,TMAX,183,,,6,
AGE00135039,18651117,TMAX,160,,,E,
ASN00066062,18651117,TMAX,227,,,a,
ASN00086071,18651117,TMAX,172,,,a,
ASN00090015,18651117,TMAX,156,,,a,
AU000005901,18651117,TMAX,44,,,E,
BE000006447,18651117,TMAX,110,,,I,
CA006148100,18651117,TMAX,139,,,C,
CA006158350,18651117,TMAX,172,,,C,
EIE00101859,18651117,TMAX,106,,,E,
EZE00100082,18651117,TMAX,28,,,E,
GM000004204,18651117,TMAX,63,,,E,
GME00125218,18651117,TMAX,59,,,E,
GME00127462,18651117,TMAX,45,,,E,
ITE00100550,18651117,TMAX,75,,,E,
ITE00100554,18651117,TMAX,62,,,E,
SWE00139148,18651117,TMAX,44,,,E,
SZ000006717,18651117,TMAX,21,,,G,
UK000047811,18651117,TMAX,106,,,E,
UK000056225,18651117,TMAX,117,,,E,
USC00288878,18651117,TMAX,211,,,6,
AGE00135039,18651118,TMAX,182,,,E,
ASN00066062,18651118,TMAX,231,,,a,
ASN00086071,18651118,TMAX,194,,,a,
ASN00090015,18651118,TMAX,156,,,a,
AU000005901,18651118,TMAX,63,,,E,
BE000006447,18651118,TMAX,105,,,I,
CA006148100,18651118,TMAX,50,,,C,
CA006158350,18651118,TMAX,61,,,C,
EIE00101859,18651118,TMAX,100,,,E,
EZE00100082,18651118,TMAX,83,,,E,
GM000004204,18651118,TMAX,119,,,E,
GME00125218,18651118,TMAX,100,,,E,
GME00127462,18651118,TMAX,35,,,E,
ITE00100550,18651118,TMAX,75,,,E,
ITE00100554,18651118,TMAX,80,,,E,
SWE00139148,18651118,TMAX,55,,,E,
SZ000006717,18651118,TMAX,-10,,,G,
UK000047811,18651118,TMAX,128,,,E,
UK000056225,18651118,TMAX,129,,,E,
USC00288878,18651118,TMAX,200,,,6,
ASN00066062,18651119,TMAX,263,,,a,
ASN00086071,18651119,TMAX,245,,,a,
ASN00090015,18651119,TMAX,194,,,a,
AU000005901,18651119,TMAX,88,,,E,
BE000006447,18651119,TMAX,96,,,I,
CA006158350,18651119,TMAX,78,,,C,
EIE00101859,18651119,TMAX,100,,,E,
EZE00100082,18651119,TMAX,85,,,E,
GM000004204,18651119,TMAX,88,,,E,
GME00125218,18651119,TMAX,81,,,E,
GME00127462,18651119,TMAX,28,,,E,
ITE00100550,18651119,TMAX,100,,,E,
ITE00100554,18651119,TMAX,62,,,E,
SWE00139148,18651119,TMAX,32,,,E,
SZ000006717,18651119,TMAX,22,,,G,
UK000047811,18651119,TMAX,111,,,E,
UK000056225,18651119,TMAX,117,,,E,
USC00288878,18651119,TMAX,111,,,6,
AGE00135039,18651120,TMAX,160,,,E,
ASN00066062,18651120,TMAX,347,,,a,
ASN00086071,18651120,TMAX,194,,,a,
ASN00090015,18651120,TMAX,183,,,a,
AU000005901,18651120,TMAX,28,,,E,
BE000006447,18651120,TMAX,117,,,I,
CA006148100,18651120,TMAX,61,,,C,
CA006158350,18651120,TMAX,61,,,C,
EIE00101859,18651120,TMAX,89,,,E,
EZE00100082,18651120,TMAX,34,,,E,
GM000004204,18651120,TMAX,80,,,E,
GME00125218,18651120,TMAX,79,,,E,
GME00127462,18651120,TMAX,38,,,E,
ITE00100550,18651120,TMAX,85,,,E,
ITE00100554,18651120,TMAX,42,,,E,
SWE00139148,18651120,TMAX,45,,,E,
SZ000006717,18651120,TMAX,-2,,,G,
UK000047811,18651120,TMAX,106,,,E,
UK000056225,18651120,TMAX,122,,,E,
USC00288878,18651120,TMAX,89,,I,6,
AGE00135039,18651121,TMAX,203,,,E,
ASN00066062,18651121,TMAX,250,,,a,
ASN00086071,18651121,TMAX,339,,,a,
ASN00090015,18651121,TMAX,233,,,a,
AU000005901,18651121,TMAX,28,,,E,
BE000006447,18651121,TMAX,117,,,I,
CA006148100,18651121,TMAX,39,,,C,
CA006158350,18651121,TMAX,67,,,C,
EIE00101859,18651121,TMAX,94,,,E,
EZE00100082,18651121,TMAX,38,,,E,
GM000004204,18651121,TMAX,88,,,E,
GME00125218,18651121,TMAX,86,,,E,
GME00127462,18651121,TMAX,59,,,E,
ITE00100550,18651121,TMAX,84,,,E,
ITE00100554,18651121,TMAX,56,,,E,
SWE00139148,18651121,TMAX,74,,,E,
SZ000006717,18651121,TMAX,-33,,I,G,
UK000047811,18651121,TMAX,100,,,E,
UK000056225,18651121,TMAX,122,,,E,
USC00288878,18651121,TMAX,83,,,6,
AGE00135039,18651122,TMAX,185,,,E,
ASN00066062,18651122,TMAX,344,,,a,
ASN00086071,18651122,TMAX,211,,,a,
ASN00090015,18651122,TMAX,283,,,a,
AU000005901,18651122,TMAX,46,,,E,
BE000006447,18651122,TMAX,126,,,I,
CA006148100,18651122,TMAX,44,,,C,
CA006158350,18651122,TMAX,28,,,C,
EIE00101859,18651122,TMAX,100,,,E,
EZE00100082,18651122,TMAX,60,,,E,
GM000004204,18651122,TMAX,104,,,E,
GME00125218,18651122,TMAX,86,,,E,
GME00127462,18651122,TMAX,58,,,E,
ITE00100550,18651122,TMAX,84,,,E,
ITE00100554,18651122,TMAX,71,,,E,
SWE00139148,18651122,TMAX,68,,,E,
SZ000006717,18651122,TMAX,17,,,G,
UK000047811,18651122,TMAX,111,,,E,
UK000056225,18651122,TMAX,126,,,E,
USC00288878,18651122,TMAX,100,,,6,
AGE00135039,18651123,TMAX,170,,,E,
ASN00066062,18651123,TMAX,280,,,a,
ASN00086071,18651123,TMAX,205,,,a,
ASN00090015,18651123,TMAX,161,,,a,
AU000005901,18651123,TMAX,56,,,E,
BE000006447,18651123,TMAX,132,,,I,
CA006148100,18651123,TMAX,28,,,C,
CA006158350,18651123,TMAX,56,,,C,
EIE00101859,18651123,TMAX,94,,,E,
EZE00100082,18651123,TMAX,119,,,E,
GM000004204,18651123,TMAX,136,,,E,
GME00125218,18651123,TMAX,128,,,E,
GME00127462,18651123,TMAX,99,,,E,
ITE00100550,18651123,TMAX,110,,,E,
ITE00100554,18651123,TMAX,77,,,E,
SWE00139148,18651123,TMAX,62,,,E,
SZ000006717,18651123,TMAX,47,,,G,
UK000047811,18651123,TMAX,83,,,E,
UK000056225,18651123,TMAX,122,,,E,
USC00288878,18651123,TMAX,72,,,6,
AGE00135039,18651124,TMAX,215,,,E,
ASN00066062,18651124,TMAX,187,,,a,
ASN00086071,18651124,TMAX,177,,,a,
ASN00090015,18651124,TMAX,206,,,a,
AU000005901,18651124,TMAX,65,,,E,
BE000006447,18651124,TMAX,131,,,I,
CA006148100,18651124,TMAX,22,,,C,
CA006158350,18651124,TMAX,39,,,C,
EIE00101859,18651124,TMAX,89,,,E,
EZE00100082,18651124,TMAX,81,,,E,
GM000004204,18651124,TMAX,160,,,E,
GME00125218,18651124,TMAX,150,,,E,
GME00127462,18651124,TMAX,106,,,E,
ITE00100550,18651124,TMAX,103,,,E,
ITE00100554,18651124,TMAX,100,,,E,
SWE00139148,18651124,TMAX,75,,,E,
SZ000006717,18651124,TMAX,-28,,I,G,
UK000047811,18651124,TMAX,72,,,E,
UK000056225,18651124,TMAX,122,,,E,
USC00288878,18651124,TMAX,128,,,6,
AGE00135039,18651125,TMAX,230,,,E,
ASN00066062,18651125,TMAX,212,,,a,
ASN00086071,18651125,TMAX,179,,,a,
ASN00090015,18651125,TMAX,194,,,a,
AU000005901,18651125,TMAX,75,,,E,
BE000006447,18651125,TMAX,136,,,I,
CA006148100,18651125,TMAX,39,,,C,
CA006158350,18651125,TMAX,67,,,C,
EIE00101859,18651125,TMAX,100,,,E,
EZE00100082,18651125,TMAX,76,,,E,
GM000004204,18651125,TMAX,146,,,E,
GME00125218,18651125,TMAX,131,,,E,
GME00127462,18651125,TMAX,81,,,E,
ITE00100550,18651125,TMAX,104,,,E,
ITE00100554,18651125,TMAX,98,,,E,
SWE00139148,18651125,TMAX,86,,,E,
SZ000006717,18651125,TMAX,-14,,,G,
UK000047811,18651125,TMAX,72,,,E,
UK000056225,18651125,TMAX,100,,,E,
USC00288878,18651125,TMAX,156,,,6,
ASN00066062,18651126,TMAX,233,,,a,
ASN00086071,18651126,TMAX,209,,,a,
ASN00090015,18651126,TMAX,189,,,a,
AU000005901,18651126,TMAX,84,,,E,
BE000006447,18651126,TMAX,107,,,I,
CA006158350,18651126,TMAX,67,,,C,
EIE00101859,18651126,TMAX,100,,,E,
EZE00100082,18651126,TMAX,63,,,E,
GM000004204,18651126,TMAX,166,,,E,
GME00125218,18651126,TMAX,106,,,E,
GME00127462,18651126,TMAX,94,,,E,
ITE00100550,18651126,TMAX,94,,,E,
ITE00100554,18651126,TMAX,98,,,E,
SWE00139148,18651126,TMAX,84,,,E,
SZ000006717,18651126,TMAX,-15,,,G,
UK000047811,18651126,TMAX,78,,,E,
UK000056225,18651126,TMAX,83,,,E,
USC00288878,18651126,TMAX,89,,,6,
AGE00135039,18651127,TMAX,200,,,E,
ASN00066062,18651127,TMAX,247,,,a,
ASN00086071,18651127,TMAX,267,,,a,
ASN00090015,18651127,TMAX,194,,,a,
AU000005901,18651127,TMAX,111,,,E,
BE000006447,18651127,TMAX,100,,,I,
CA006148100,18651127,TMAX,50,,,C,
CA006158350,18651127,TMAX,56,,,C,
EIE00101859,18651127,TMAX,94,,,E,
EZE00100082,18651127,TMAX,87,,,E,
GM000004204,18651127,TMAX,100,,,E,
GME00125218,18651127,TMAX,103,,,E,
GME00127462,18651127,TMAX,81,,,E,
ITE00100550,18651127,TMAX,169,,,E,
ITE00100554,18651127,TMAX,117,,,E,
SWE00139148,18651127,TMAX,79,,,E,
SZ000006717,18651127,TMAX,-25,,,G,
UK000047811,18651127,TMAX,89,,,E,
UK000056225,18651127,TMAX,88,,,E,
USC00288878,18651127,TMAX,78,,,6,
AGE00135039,18651128,TMAX,180,,,E,
ASN00066062,18651128,TMAX,208,,,a,
ASN00086071,18651128,TMAX,344,,,a,
ASN00090015,18651128,TMAX,222,,,a,
AU000005901,18651128,TMAX,88,,,E,
BE000006447,18651128,TMAX,110,,,I,
CA006148100,18651128,TMAX,-6,,,C,
CA006158350,18651128,TMAX,11,,,C,
EIE00101859,18651128,TMAX,94,,,E,
EZE00100082,18651128,TMAX,85,,,E,
GM000004204,18651128,TMAX,95,,,E,
GME00125218,18651128,TMAX,100,,,E,
GME00127462,18651128,TMAX,46,,I,E,
ITE00100550,18651128,TMAX,150,,,E,
ITE00100554,18651128,TMAX,108,,,E,
SWE00139148,18651128,TMAX,28,,,E,
SZ000006717,18651128,TMAX,-59,,,G,
UK000047811,18651128,TMAX,78,,,E,
UK000056225,18651128,TMAX,86,,,E,
USC00288878,18651128,TMAX,44,,,6,
AGE00135039,18651129,TMAX,175,,,E,
ASN00066062,18651129,TMAX,206,,,a,
ASN00086071,18651129,TMAX,355,,,a,
ASN00090015,18651129,TMAX,239,,,a,
AU000005901,18651129,TMAX,113,,,E,
BE000006447,18651129,TMAX,95,,,I,
CA006148100,18651129,TMAX,6,,,C,
CA006158350,18651129,TMAX,44,,,C,
EIE00101859,18651129,TMAX,100,,,E,
EZE00100082,18651129,TMAX,99,,,E,
GM000004204,18651129,TMAX,90,,,E,
GME00125218,18651129,TMAX,89,,,E,
GME00127462,18651129,TMAX,53,,,E,
ITE00100550,18651129,TMAX,148,,,E,
ITE00100554,18651129,TMAX,102,,,E,
SWE00139148,18651129,TMAX,-10,,,E,
SZ000006717,18651129,TMAX,-50,,,G,
UK000047811,18651129,TMAX,89,,,E,
UK000056225,18651129,TMAX,94,,,E,
USC00288878,18651129,TMAX,33,,,6,
AGE00135039,18651130,TMAX,200,,,E,
ASN00066062,18651130,TMAX,256,,,a,
ASN00086071,18651130,TMAX,246,,,a,
ASN00090015,18651130,TMAX,189,,,a,
AU000005901,18651130,TMAX,94,,,E,
BE000006447,18651130,TMAX,70,,,I,
CA006148100,18651130,TMAX,39,,,C,
CA006158350,18651130,TMAX,78,,,C,
EIE00101859,18651130,TMAX,94,,,E,
EZE00100082,18651130,TMAX,76,,,E,
GM000004204,18651130,TMAX,79,,,E,
GME00125218,18651130,TMAX,80,,,E,
GME00127462,18651130,TMAX,59,,,E,
ITE00100550,18651130,TMAX,100,,,E,
ITE00100554,18651130,TMAX,102,,,E,
SWE00139148,18651130,TMAX,9,,,E,
SZ000006717,18651130,TMAX,-39,,,G,
UK000047811,18651130,TMAX,89,,,E,
UK000056225,18651130,TMAX,78,,,E,
USC00288878,18651130,TMAX,72,,,6,
AGE00135039,18651201,TMAX,178,,,E,
ASN00066062,18651201,TMAX,259,,,a,
ASN00086071,18651201,TMAX,237,,,a,
ASN00090015,18651201,TMAX,206,,,a,
AU000005901,18651201,TMAX,84,,,E,
BE000006447,18651201,TMAX,73,,,I,
CA006148100,18651201,TMAX,17,,,C,
CA006158350,18651201,TMAX,28,,,C,
EIE00101859,18651201,TMAX,100,,,E,
EZE00100082,18651201,TMAX,54,,,E,
GM000004204,18651201,TMAX,61,,,E,
GME00125218,18651201,TMAX,64,,,E,
GME00127462,18651201,TMAX,51,,,E,
ITE00100550,18651201,TMAX,91,,,E,
ITE00100554,18651201,TMAX,90,,,E,
SWE00139148,18651201,TMAX,-48,,,E,
SZ000006717,18651201,TMAX,-28,,,G,
UK000047811,18651201,TMAX,83,,,E,
UK000056225,18651201,TMAX,73,,,E,
USC00288878,18651201,TMAX,67,,,6,
AGE00135039,18651202,TMAX,170,,,E,
ASN00066062,18651202,TMAX,306,,,a,
ASN00086071,18651202,TMAX,187,,,a,
ASN00090015,18651202,TMAX,167,,,a,
AU000005901,18651202,TMAX,54,,,E,
BE000006447,18651202,TMAX,79,,,I,
CA006148100,18651202,TMAX,33,,,C,
CA006158350,18651202,TMAX,56,,,C,
EIE00101859,18651202,TMAX,100,,,E,
EZE00100082,18651202,TMAX,50,,,E,
GM000004204,18651202,TMAX,34,,,E,
GME00125218,18651202,TMAX,58,,,E,
GME00127462,18651202,TMAX,43,,,E,
ITE00100550,18651202,TMAX,115,,,E,
ITE00100554,18651202,TMAX,96,,,E,
SWE00139148,18651202,TMAX,-48,,,E,
SZ000006717,18651202,TMAX,-30,,,G,
UK000047811,18651202,TMAX,78,,,E,
UK000056225,18651202,TMAX,82,,,E,
USC00288878,18651202,TMAX,83,,,6,
ASN00066062,18651203,TMAX,258,,,a,
ASN00086071,18651203,TMAX,183,,,a,
ASN00090015,18651203,TMAX,178,,,a,
AU000005901,18651203,TMAX,73,,,E,
BE000006447,18651203,TMAX,101,,,I,
CA006158350,18651203,TMAX,67,,,C,
EIE00101859,18651203,TMAX,100,,,E,
EZE00100082,18651203,TMAX,24,,,E,
GM000004204,18651203,TMAX,31,,,E,
GME00125218,18651203,TMAX,28,,,E,
GME00127462,18651203,TMAX,20,,,E,
ITE00100550,18651203,TMAX,106,,,E,
ITE00100554,18651203,TMAX,112,,,E,
SWE00139148,18651203,TMAX,-14,,,E,
SZ000006717,18651203,TMAX,-30,,,G,
UK000047811,18651203,TMAX,89,,,E,
UK000056225,18651203,TMAX,100,,,E,
USC00288878,18651203,TMAX,122,,,6,
AGE00135039,18651204,TMAX,190,,,E,
ASN00066062,18651204,TMAX,225,,,a,
ASN00086071,18651204,TMAX,251,,,a,
ASN00090015,18651204,TMAX,211,,,a,
AU000005901,18651204,TMAX,74,,,E,
BE000006447,18651204,TMAX,106,,,I,
CA006148100,18651204,TMAX,122,,,C,
CA006158350,18651204,TMAX,122,,,C,
EIE00101859,18651204,TMAX,106,,,E,
EZE00100082,18651204,TMAX,65,,,E,
GM000004204,18651204,TMAX,8,,,E,
GME00125218,18651204,TMAX,43,,,E,
GME00127462,18651204,TMAX,46,,,E,
ITE00100550,18651204,TMAX,104,,,E,
ITE00100554,18651204,TMAX,104,,,E,
SWE00139148,18651204,TMAX,-39,,,E,
SZ000006717,18651204,TMAX,-12,,,G,
UK000047811,18651204,TMAX,89,,,E,
UK000056225,18651204,TMAX,106,,,E,
USC00288878,18651204,TMAX,133,,,6,
AGE00135039,18651205,TMAX,180,,,E,
ASN00066062,18651205,TMAX,234,,,a,
ASN00086071,18651205,TMAX,311,,,a,
ASN00090015,18651205,TMAX,233,,,a,
AU000005901,18651205,TMAX,73,,,E,
BE000006447,18651205,TMAX,79,,,I,
CA006148100,18651205,TMAX,11,,,C,
CA006158350,18651205,TMAX,17,,,C,
EIE00101859,18651205,TMAX,100,,,E,
EZE00100082,18651205,TMAX,56,,,E,
GM000004204,18651205,TMAX,25,,,E,
GME00125218,18651205,TMAX,33,,,E,
GME00127462,18651205,TMAX,43,,,E,
ITE00100550,18651205,TMAX,109,,,E,
ITE00100554,18651205,TMAX,106,,,E,
SWE00139148,18651205,TMAX,-17,,,E,
SZ000006717,18651205,TMAX,-32,,,G,
UK000047811,18651205,TMAX,128,,,E,
UK000056225,18651205,TMAX,117,,,E,
USC00288878,18651205,TMAX,89,,I,6,
AGE00135039,18651206,TMAX,160,,,E,
ASN00066062,18651206,TMAX,223,,,a,
ASN00086071,18651206,TMAX,194,,,a,
ASN00090015,18651206,TMAX,161,,,a,
AU000005901,18651206,TMAX,71,,,E,
BE000006447,18651206,TMAX,74,,,I,
CA006148100,18651206,TMAX,6,,,C,
CA006158350,18651206,TMAX,33,,,C,
EIE00101859,18651206,TMAX,106,,,E,
EZE00100082,18651206,TMAX,62,,,E,
GM000004204,18651206,TMAX,36,,,E,
GME00125218,18651206,TMAX,60,,,E,
GME00127462,18651206,TMAX,11,,I,E,
ITE00100550,18651206,TMAX,113,,,E,
ITE00100554,18651206,TMAX,121,,,E,
SWE00139148,18651206,TMAX,-36,,,E,
SZ000006717,18651206,TMAX,-58,,,G,
UK000047811,18651206,TMAX,128,,,E,
UK000056225,18651206,TMAX,116,,,E,
USC00288878,18651206,TMAX,33,,I,6,
AGE00135039,18651207,TMAX,150,,,E,
ASN00066062,18651207,TMAX,228,,,a,
ASN00086071,18651207,TMAX,194,,,a,
ASN00090015,18651207,TMAX,233,,,a,
AU000005901,18651207,TMAX,70,,,E,
BE000006447,18651207,TMAX,80,,,I,
CA006148100,18651207,TMAX,6,,,C,
CA006158350,18651207,TMAX,28,,,C,
EIE00101859,18651207,TMAX,106,,,E,
EZE00100082,18651207,TMAX,38,,,E,
GM000004204,18651207,TMAX,40,,,E,
GME00125218,18651207,TMAX,38,,,E,
GME00127462,18651207,TMAX,0,,,E,
ITE00100550,18651207,TMAX,98,,,E,
ITE00100554,18651207,TMAX,96,,,E,
SWE00139148,18651207,TMAX,-19,,,E,
SZ000006717,18651207,TMAX,-52,,,G,
UK000047811,18651207,TMAX,106,,,E,
UK000056225,18651207,TMAX,76,,I,E,
USC00288878,18651207,TMAX,56,,,6,
AGE00135039,18651208,TMAX,155,,,E,
ASN00066062,18651208,TMAX,223,,,a,
ASN00086071,18651208,TMAX,339,,,a,
ASN00090015,18651208,TMAX,222,,,a,
AU000005901,18651208,TMAX,21,,,E,
BE000006447,18651208,TMAX,62,,,I,
CA006148100,18651208,TMAX,-22,,,C,
CA006158350,18651208,TMAX,0,,,C,
EIE00101859,18651208,TMAX,117,,,E,
EZE00100082,18651208,TMAX,37,,,E,
GM000004204,18651208,TMAX,34,,,E,
GME00125218,18651208,TMAX,38,,,E,
GME00127462,18651208,TMAX,-11,,,E,
ITE00100550,18651208,TMAX,106,,,E,
ITE00100554,18651208,TMAX,68,,,E,
SWE00139148,18651208,TMAX,24,,,E,
SZ000006717,18651208,TMAX,-21,,,G,
UK000047811,18651208,TMAX,94,,,E,
UK000056225,18651208,TMAX,89,,,E,
USC00288878,18651208,TMAX,0,,I,6,
AGE00135039,18651209,TMAX,155,,,E,
ASN00066062,18651209,TMAX,244,,,a,
ASN00086071,18651209,TMAX,196,,,a,
ASN00090015,18651209,TMAX,217,,,a,
AU000005901,18651209,TMAX,-4,,,E,
BE000006447,18651209,TMAX,8,,I,I,
CA006148100,18651209,TMAX,-6,,,C,
CA006158350,18651209,TMAX,22,,,C,
EIE00101859,18651209,TMAX,111,,,E,
EZE00100082,18651209,TMAX,3,,,E,
GM000004204,18651209,TMAX,19,,,E,
GME00125218,18651209,TMAX,25,,,E,
GME00127462,18651209,TMAX,-5,,,E,
ITE00100550,18651209,TMAX,66,,,E,
ITE00100554,18651209,TMAX,66,,,E,
SWE00139148,18651209,TMAX,60,,,E,
SZ000006717,18651209,TMAX,-46,,,G,
UK000047811,18651209,TMAX,100,,,E,
UK000056225,18651209,TMAX,84,,,E,
USC00288878,18651209,TMAX,22,,,6,
ASN00066062,18651210,TMAX,244,,,a,
ASN00086071,18651210,TMAX,212,,,a,
ASN00090015,18651210,TMAX,183,,,a,
AU000005901,18651210,TMAX,8,,,E,
BE000006447,18651210,TMAX,46,,,I,
CA006158350,18651210,TMAX,44,,,C,
EIE00101859,18651210,TMAX,117,,,E,
EZE00100082,18651210,TMAX,8,,,E,
GM000004204,18651210,TMAX,20,,,E,
GME00125218,18651210,TMAX,13,,,E,
GME00127462,18651210,TMAX,44,,,E,
ITE00100550,18651210,TMAX,75,,,E,
ITE00100554,18651210,TMAX,52,,,E,
SWE00139148,18651210,TMAX,58,,,E,
SZ000006717,18651210,TMAX,1,,,G,
UK000047811,18651210,TMAX,89,,,E,
UK000056225,18651210,TMAX,83,,,E,
USC00288878,18651210,TMAX,44,,,6,
AGE00135039,18651211,TMAX,145,,,E,
ASN00066062,18651211,TMAX,217,,,a,
ASN00086071,18651211,TMAX,199,,,a,
ASN00090015,18651211,TMAX,194,,,a,
AU000005901,18651211,TMAX,30,,,E,
BE000006447,18651211,TMAX,57,,,I,
CA006148100,18651211,TMAX,56,,,C,
CA006158350,18651211,TMAX,72,,,C,
EIE00101859,18651211,TMAX,106,,,E,
EZE00100082,18651211,TMAX,37,,,E,
GM000004204,18651211,TMAX,53,,,E,
GME00125218,18651211,TMAX,46,,,E,
GME00127462,18651211,TMAX,44,,,E,
ITE00100550,18651211,TMAX,48,,,E,
ITE00100554,18651211,TMAX,46,,,E,
SWE00139148,18651211,TMAX,55,,,E,
SZ000006717,18651211,TMAX,-31,,,G,
UK000047811,18651211,TMAX,89,,,E,
UK000056225,18651211,TMAX,50,,I,E,
USC00288878,18651211,TMAX,67,,,6,
AGE00135039,18651212,TMAX,145,,,E,
ASN00066062,18651212,TMAX,224,,,a,
ASN00086071,18651212,TMAX,251,,,a,
ASN00090015,18651212,TMAX,222,,,a,
AU000005901,18651212,TMAX,20,,,E,
BE000006447,18651212,TMAX,9,,,I,
CA006148100,18651212,TMAX,106,,,C,
CA006158350,18651212,TMAX,111,,,C,
EIE00101859,18651212,TMAX,111,,,E,
EZE00100082,18651212,TMAX,24,,,E,
GM000004204,18651212,TMAX,8,,I,E,
GME00125218,18651212,TMAX,4,,,E,
GME00127462,18651212,TMAX,13,,I,E,
ITE00100550,18651212,TMAX,44,,,E,
ITE00100554,18651212,TMAX,36,,,E,
SWE00139148,18651212,TMAX,6,,,E,
SZ000006717,18651212,TMAX,-70,,,G,
UK000047811,18651212,TMAX,89,,,E,
UK000056225,18651212,TMAX,51,,,E,
USC00288878,18651212,TMAX,133,,,6,
AGE00135039,18651213,TMAX,140,,,E,
ASN00066062,18651213,TMAX,243,,,a,
ASN00086071,18651213,TMAX,261,,,a,
ASN00090015,18651213,TMAX,233,,,a,
AU000005901,18651213,TMAX,-31,,,E,
BE000006447,18651213,TMAX,-3,,,I,
CA006148100,18651213,TMAX,-50,,,C,
CA006158350,18651213,TMAX,-22,,,C,
EIE00101859,18651213,TMAX,106,,,E,
EZE00100082,18651213,TMAX,-3,,,E,
GM000004204,18651213,TMAX,0,,,E,
GME00125218,18651213,TMAX,-1,,,E,
GME00127462,18651213,TMAX,-1,,,E,
ITE00100550,18651213,TMAX,31,,,E,
ITE00100554,18651213,TMAX,26,,,E,
SWE00139148,18651213,TMAX,14,,,E,
SZ000006717,18651213,TMAX,-120,,,G,
UK000047811,18651213,TMAX,89,,,E,
UK000056225,18651213,TMAX,73,,,E,
USC00288878,18651213,TMAX,117,,,6,
AGE00135039,18651214,TMAX,170,,,E,
ASN00066062,18651214,TMAX,361,,,a,
ASN00086071,18651214,TMAX,265,,,a,
ASN00090015,18651214,TMAX,200,,,a,
AU000005901,18651214,TMAX,-21,,,E,
BE000006447,18651214,TMAX,43,,,I,
CA006148100,18651214,TMAX,-78,,,C,
CA006158350,18651214,TMAX,-61,,,C,
EIE00101859,18651214,TMAX,100,,,E,
EZE00100082,18651214,TMAX,-8,,,E,
GM000004204,18651214,TMAX,31,,,E,
GME00125218,18651214,TMAX,8,,,E,
GME00127462,18651214,TMAX,28,,,E,
ITE00100550,18651214,TMAX,31,,,E,
ITE00100554,18651214,TMAX,26,,,E,
SWE00139148,18651214,TMAX,17,,,E,
SZ000006717,18651214,TMAX,-83,,,G,
UK000047811,18651214,TMAX,78,,,E,
UK000056225,18651214,TMAX,44,,,E,
USC00288878,18651214,TMAX,33,,I,6,
AGE00135039,18651215,TMAX,110,,,E,
ASN00066062,18651215,TMAX,319,,,a,
ASN00086071,18651215,TMAX,227,,,a,
ASN00090015,18651215,TMAX,189,,,a,
AU000005901,18651215,TMAX,13,,,E,
BE000006447,18651215,TMAX,48,,,I,
CA006148100,18651215,TMAX,-111,,,C,
CA006158350,18651215,TMAX,-67,,,C,
EIE00101859,18651215,TMAX,94,,,E,
EZE00100082,18651215,TMAX,13,,,E,
GM000004204,18651215,TMAX,20,,,E,
GME00125218,18651215,TMAX,13,,,E,
GME00127462,18651215,TMAX,6,,,E,
ITE00100550,18651215,TMAX,40,,,E,
ITE00100554,18651215,TMAX,20,,,E,
SWE00139148,18651215,TMAX,2,,,E,
SZ000006717,18651215,TMAX,-115,,,G,
UK000047811,18651215,TMAX,83,,,E,
UK000056225,18651215,TMAX,63,,,E,
USC00288878,18651215,TMAX,-39,,I,6,
AGE00135039,18651216,TMAX,120,,,E,
ASN00066062,18651216,TMAX,247,,,a,
ASN00086071,18651216,TMAX,172,,,a,
ASN00090015,18651216,TMAX,161,,,a,
AU000005901,18651216,TMAX,15,,,E,
BE000006447,18651216,TMAX,60,,,I,
CA006148100,18651216,TMAX,-94,,,C,
CA006158350,18651216,TMAX,-56,,,C,
EIE00101859,18651216,TMAX,100,,,E,
EZE00100082,18651216,TMAX,17,,,E,
GM000004204,18651216,TMAX,38,,,E,
GME00125218,18651216,TMAX,24,,,E,
GME00127462,18651216,TMAX,55,,,E,
ITE00100550,18651216,TMAX,48,,,E,
ITE00100554,18651216,TMAX,38,,,E,
SWE00139148,18651216,TMAX,40,,,E,
SZ000006717,18651216,TMAX,-75,,,G,
UK000047811,18651216,TMAX,89,,,E,
UK000056225,18651216,TMAX,72,,,E,
USC00288878,18651216,TMAX,-28,,,6,
ASN00066062,18651217,TMAX,218,,,a,
ASN00086071,18651217,TMAX,144,,,a,
ASN00090015,18651217,TMAX,150,,,a,
AU000005901,18651217,TMAX,36,,,E,
BE000006447,18651217,TMAX,67,,,I,
CA006158350,18651217,TMAX,-17,,,C,
EIE00101859,18651217,TMAX,106,,,E,
EZE00100082,18651217,TMAX,58,,,E,
GM000004204,18651217,TMAX,59,,,E,
GME00125218,18651217,TMAX,61,,,E,
GME00127462,18651217,TMAX,53,,,E,
ITE00100550,18651217,TMAX,44,,,E,
ITE00100554,18651217,TMAX,52,,,E,
SWE00139148,18651217,TMAX,-7,,,E,
SZ000006717,18651217,TMAX,-35,,,G,
UK000047811,18651217,TMAX,72,,,E,
UK000056225,18651217,TMAX,61,,,E,
USC00288878,18651217,TMAX,-6,,,6,
AGE00135039,18651218,TMAX,120,,,E,
ASN00066062,18651218,TMAX,247,,,a,
ASN00086071,18651218,TMAX,159,,,a,
ASN00090015,18651218,TMAX,167,,,a,
AU000005901,18651218,TMAX,30,,,E,
BE000006447,18651218,TMAX,68,,,I,
CA006148100,18651218,TMAX,-11,,,C,
CA006158350,18651218,TMAX,33,,,C,
EIE00101859,18651218,TMAX,94,,,E,
EZE00100082,18651218,TMAX,55,,,E,
GM000004204,18651218,TMAX,59,,,E,
GME00125218,18651218,TMAX,55,,,E,
GME00127462,18651218,TMAX,50,,,E,
ITE00100550,18651218,TMAX,54,,,E,
ITE00100554,18651218,TMAX,52,,,E,
SWE00139148,18651218,TMAX,39,,,E,
SZ000006717,18651218,TMAX,-29,,,G,
UK000047811,18651218,TMAX,83,,,E,
UK000056225,18651218,TMAX,78,,,E,
USC00288878,18651218,TMAX,11,,,6,
AGE00135039,18651219,TMAX,115,,,E,
ASN00066062,18651219,TMAX,285,,,a,
ASN00086071,18651219,TMAX,199,,,a,
ASN00090015,18651219,TMAX,161,,,a,
AU000005901,18651219,TMAX,13,,,E,
BE000006447,18651219,TMAX,53,,,I,
CA006148100,18651219,TMAX,22,,,C,
CA006158350,18651219,TMAX,61,,,C,
EIE00101859,18651219,TMAX,100,,,E,
EZE00100082,18651219,TMAX,39,,,E,
GM000004204,18651219,TMAX,45,,,E,
GME00125218,18651219,TMAX,54,,,E,
GME00127462,18651219,TMAX,51,,,E,
ITE00100550,18651219,TMAX,63,,,E,
ITE00100554,18651219,TMAX,45,,,E,
SWE00139148,18651219,TMAX,42,,,E,
SZ000006717,18651219,TMAX,-30,,,G,
UK000047811,18651219,TMAX,122,,,E,
UK000056225,18651219,TMAX,111,,,E,
USC00288878,18651219,TMAX,56,,,6,
AGE00135039,18651220,TMAX,125,,,E,
ASN00066062,18651220,TMAX,317,,,a,
ASN00086071,18651220,TMAX,233,,,a,
ASN00090015,18651220,TMAX,178,,,a,
AU000005901,18651220,TMAX,5,,,E,
BE000006447,18651220,TMAX,37,,,I,
CA006148100,18651220,TMAX,-44,,,C,
CA006158350,18651220,TMAX,-56,,,C,
EIE00101859,18651220,TMAX,94,,,E,
EZE00100082,18651220,TMAX,24,,,E,
GM000004204,18651220,TMAX,38,,,E,
GME00125218,18651220,TMAX,35,,,E,
GME00127462,18651220,TMAX,35,,,E,
ITE00100550,18651220,TMAX,69,,,E,
ITE00100554,18651220,TMAX,44,,,E,
SWE00139148,18651220,TMAX,32,,,E,
SZ000006717,18651220,TMAX,-32,,,G,
UK000047811,18651220,TMAX,128,,,E,
UK000056225,18651220,TMAX,106,,,E,
USC00288878,18651220,TMAX,61,,,6,
AGE00135039,18651221,TMAX,120,,,E,
ASN00066062,18651221,TMAX,389,,,a,
ASN00086071,18651221,TMAX,244,,,a,
ASN00090015,18651221,TMAX,178,,,a,
AU000005901,18651221,TMAX,28,,,E,
BE000006447,18651221,TMAX,39,,,I,
CA006148100,18651221,TMAX,-67,,,C,
CA006158350,18651221,TMAX,-61,,,C,
EIE00101859,18651221,TMAX,100,,,E,
EZE00100082,18651221,TMAX,29,,,E,
GM000004204,18651221,TMAX,31,,,E,
GME00125218,18651221,TMAX,28,,,E,
GME00127462,18651221,TMAX,39,,,E,
ITE00100550,18651221,TMAX,63,,,E,
ITE00100554,18651221,TMAX,40,,,E,
SWE00139148,18651221,TMAX,38,,,E,
SZ000006717,18651221,TMAX,-18,,,G,
UK000047811,18651221,TMAX,117,,,E,
UK000056225,18651221,TMAX,64,,,E,
USC00288878,18651221,TMAX,44,,,6,
AGE00135039,18651222,TMAX,115,,,E,
ASN00066062,18651222,TMAX,291,,,a,
ASN00086071,18651222,TMAX,261,,,a,
ASN00090015,18651222,TMAX,183,,,a,
AU000005901,18651222,TMAX,25,,,E,
BE000006447,18651222,TMAX,39,,,I,
CA006148100,18651222,TMAX,-94,,,C,
CA006158350,18651222,TMAX,-78,,,C,
EIE00101859,18651222,TMAX,111,,,E,
EZE00100082,18651222,TMAX,1,,,E,
GM000004204,18651222,TMAX,15,,,E,
GME00125218,18651222,TMAX,13,,,E,
GME00127462,18651222,TMAX,63,,,E,
ITE00100550,18651222,TMAX,48,,,E,
ITE00100554,18651222,TMAX,50,,,E,
SWE00139148,18651222,TMAX,71,,,E,
SZ000006717,18651222,TMAX,12,,,G,
UK000047811,18651222,TMAX,117,,,E,
UK000056225,18651222,TMAX,68,,,E,
USC00288878,18651222,TMAX,-22,,I,6,
AGE00135039,18651223,TMAX,125,,,E,
ASN00066062,18651223,TMAX,285,,,a,
ASN00086071,18651223,TMAX,200,,,a,
ASN00090015,18651223,TMAX,172,,,a,
AU000005901,18651223,TMAX,34,,,E,
BE000006447,18651223,TMAX,-1,,I,I,
CA006148100,18651223,TMAX,-94,,,C,
CA006158350,18651223,TMAX,22,,,C,
EIE00101859,18651223,TMAX,111,,,E,
EZE00100082,18651223,TMAX,-20,,,E,
GM000004204,18651223,TMAX,9,,,E,
GME00125218,18651223,TMAX,18,,,E,
GME00127462,18651223,TMAX,64,,,E,
ITE00100550,18651223,TMAX,73,,,E,
ITE00100554,18651223,TMAX,42,,,E,
SWE00139148,18651223,TMAX,2,,,E,
SZ000006717,18651223,TMAX,40,,,G,
UK000047811,18651223,TMAX,122,,,E,
UK000056225,18651223,TMAX,72,,,E,
USC00288878,18651223,TMAX,-33,,,6,
ASN00066062,18651224,TMAX,241,,,a,
ASN00086071,18651224,TMAX,255,,,a,
ASN00090015,18651224,TMAX,183,,,a,
AU000005901,18651224,TMAX,38,,,E,
BE000006447,18651224,TMAX,27,,,I,
CA006158350,18651224,TMAX,33,,,C,
EIE00101859,18651224,TMAX,128,,,E,
EZE00100082,18651224,TMAX,5,,,E,
GM000004204,18651224,TMAX,-20,,,E,
GME00125218,18651224,TMAX,4,,,E,
GME00127462,18651224,TMAX,50,,,E,
ITE00100550,18651224,TMAX,71,,,E,
ITE00100554,18651224,TMAX,58,,,E,
SWE00139148,18651224,TMAX,27,,,E,
SZ000006717,18651224,TMAX,19,,,G,
UK000047811,18651224,TMAX,133,,,E,
UK000056225,18651224,TMAX,95,,,E,
USC00288878,18651224,TMAX,33,,,6,
ASN00066062,18651225,TMAX,246,,,a,
ASN00086071,18651225,TMAX,191,,,a,
ASN00090015,18651225,TMAX,200,,,a,
AU000005901,18651225,TMAX,20,,,E,
BE000006447,18651225,TMAX,34,,,I,
CA006148100,18651225,TMAX,28,,,C,
CA006158350,18651225,TMAX,44,,,C,
EIE00101859,18651225,TMAX,100,,,E,
EZE00100082,18651225,TMAX,13,,,E,
GM000004204,18651225,TMAX,-31,,,E,
GME00125218,18651225,TMAX,-4,,,E,
GME00127462,18651225,TMAX,13,,I,E,
ITE00100550,18651225,TMAX,79,,,E,
ITE00100554,18651225,TMAX,57,,,E,
SWE00139148,18651225,TMAX,23,,,E,
SZ000006717,18651225,TMAX,4,,,G,
UK000047811,18651225,TMAX,83,,,E,
UK000056225,18651225,TMAX,106,,,E,
USC00288878,18651225,TMAX,39,,,6,
AGE00135039,18651226,TMAX,120,,,E,
ASN00066062,18651226,TMAX,228,,,a,
ASN00086071,18651226,TMAX,256,,,a,
ASN00090015,18651226,TMAX,228,,,a,
AU000005901,18651226,TMAX,21,,,E,
BE000006447,18651226,TMAX,44,,,I,
CA006148100,18651226,TMAX,22,,,C,
CA006158350,18651226,TMAX,44,,,C,
EIE00101859,18651226,TMAX,111,,,E,
EZE00100082,18651226,TMAX,2,,,E,
GM000004204,18651226,TMAX,10,,,E,
GME00125218,18651226,TMAX,20,,,E,
GME00127462,18651226,TMAX,-14,,I,E,
ITE00100550,18651226,TMAX,48,,,E,
ITE00100554,18651226,TMAX,40,,,E,
SWE00139148,18651226,TMAX,32,,,E,
SZ000006717,18651226,TMAX,-11,,,G,
UK000047811,18651226,TMAX,83,,,E,
UK000056225,18651226,TMAX,67,,,E,
USC00288878,18651226,TMAX,33,,,6,
AGE00135039,18651227,TMAX,110,,,E,
ASN00066062,18651227,TMAX,220,,,a,
ASN00086071,18651227,TMAX,387,,,a,
ASN00090015,18651227,TMAX,344,,,a,
AU000005901,18651227,TMAX,-30,,,E,
BE000006447,18651227,TMAX,28,,,I,
CA006148100,18651227,TMAX,17,,,C,
CA006158350,18651227,TMAX,39,,,C,
EIE00101859,18651227,TMAX,106,,,E,
EZE00100082,18651227,TMAX,-14,,,E,
GM000004204,18651227,TMAX,0,,,E,
GME00125218,18651227,TMAX,-6,,,E,
GME00127462,18651227,TMAX,16,,,E,
ITE00100550,18651227,TMAX,53,,,E,
ITE00100554,18651227,TMAX,41,,,E,
SWE00139148,18651227,TMAX,42,,,E,
SZ000006717,18651227,TMAX,-20,,,G,
UK000047811,18651227,TMAX,83,,,E,
UK000056225,18651227,TMAX,97,,,E,
USC00288878,18651227,TMAX,167,,,6,
AGE00135039,18651228,TMAX,110,,,E,
ASN00066062,18651228,TMAX,255,,,a,
ASN00086071,18651228,TMAX,213,,,a,
ASN00090015,18651228,TMAX,311,,,a,
AU000005901,18651228,TMAX,-45,,,E,
BE000006447,18651228,TMAX,67,,,I,
CA006148100,18651228,TMAX,0,,,C,
CA006158350,18651228,TMAX,17,,,C,
EIE00101859,18651228,TMAX,100,,,E,
EZE00100082,18651228,TMAX,-29,,,E,
GM000004204,18651228,TMAX,23,,,E,
GME00125218,18651228,TMAX,-8,,,E,
GME00127462,18651228,TMAX,13,,,E,
ITE00100550,18651228,TMAX,69,,,E,
ITE00100554,18651228,TMAX,39,,,E,
SWE00139148,18651228,TMAX,20,,,E,
SZ000006717,18651228,TMAX,-30,,,G,
UK000047811,18651228,TMAX,83,,,E,
UK000056225,18651228,TMAX,100,,,E,
USC00288878,18651228,TMAX,67,,,6,
AGE00135039,18651229,TMAX,110,,,E,
ASN00066062,18651229,TMAX,280,,,a,
ASN00086071,18651229,TMAX,189,,,a,
ASN00090015,18651229,TMAX,233,,,a,
AU000005901,18651229,TMAX,-55,,,E,
BE000006447,18651229,TMAX,73,,,I,
CA006148100,18651229,TMAX,-6,,,C,
CA006158350,18651229,TMAX,-22,,,C,
EIE00101859,18651229,TMAX,94,,,E,
EZE00100082,18651229,TMAX,-20,,,E,
GM000004204,18651229,TMAX,33,,,E,
GME00125218,18651229,TMAX,38,,,E,
GME00127462,18651229,TMAX,19,,,E,
ITE00100550,18651229,TMAX,84,,,E,
ITE00100554,18651229,TMAX,58,,,E,
SWE00139148,18651229,TMAX,40,,,E,
SZ000006717,18651229,TMAX,-42,,,G,
UK000047811,18651229,TMAX,83,,,E,
UK000056225,18651229,TMAX,111,,,E,
USC00288878,18651229,TMAX,44,,I,6,
AGE00135039,18651230,TMAX,160,,,E,
ASN00066062,18651230,TMAX,252,,,a,
ASN00086071,18651230,TMAX,198,,,a,
ASN00090015,18651230,TMAX,239,,,a,
AU000005901,18651230,TMAX,-44,,,E,
BE000006447,18651230,TMAX,66,,,I,
CA006148100,18651230,TMAX,-17,,,C,
CA006158350,18651230,TMAX,-17,,,C,
EIE00101859,18651230,TMAX,89,,,E,
EZE00100082,18651230,TMAX,-44,,,E,
GM000004204,18651230,TMAX,36,,,E,
GME00125218,18651230,TMAX,28,,,E,
GME00127462,18651230,TMAX,24,,,E,
ITE00100550,18651230,TMAX,73,,,E,
ITE00100554,18651230,TMAX,23,,,E,
SWE00139148,18651230,TMAX,40,,,E,
SZ000006717,18651230,TMAX,-75,,,G,
UK000047811,18651230,TMAX,100,,,E,
UK000056225,18651230,TMAX,112,,,E,
USC00288878,18651230,TMAX,17,,,6,
ASN00066062,18651231,TMAX,264,,,a,
ASN00086071,18651231,TMAX,233,,,a,
ASN00090015,18651231,TMAX,228,,,a,
AU000005901,18651231,TMAX,-15,,,E,
BE000006447,18651231,TMAX,71,,,I,
CA006158350,18651231,TMAX,33,,,C,
EIE00101859,18651231,TMAX,83,,,E,
EZE00100082,18651231,TMAX,6,,,E,
GM000004204,18651231,TMAX,45,,,E,
GME00125218,18651231,TMAX,38,,,E,
GME00127462,18651231,TMAX,38,,,E,
ITE00100550,18651231,TMAX,50,,,E,
ITE00100554,18651231,TMAX,36,,,E,
SWE00139148,18651231,TMAX,38,,,E,
SZ000006717,18651231,TMAX,-66,,,G,
UK000047811,18651231,TMAX,44,,,E,
UK000056225,18651231,TMAX,61,,,E,
USC00288878,18651231,TMAX,22,,,6,
